STATIONID	YEAR	MONTH	DAY	HOUR	MINUTE	PRECIPITATION
STABG	1999	1	1	0	0	0
STABG	1999	1	2	0	0	0.05
STABG	1999	1	3	0	0	0.53
STABG	1999	1	4	0	0	0
STABG	1999	1	5	0	0	0.04
STABG	1999	1	6	0	0	0
STABG	1999	1	7	0	0	0
STABG	1999	1	8	0	0	0
STABG	1999	1	9	0	0	0
STABG	1999	1	10	0	0	0.08
STABG	1999	1	11	0	0	0
STABG	1999	1	12	0	0	0
STABG	1999	1	13	0	0	0
STABG	1999	1	14	0	0	0
STABG	1999	1	15	0	0	0
STABG	1999	1	16	0	0	0.01
STABG	1999	1	17	0	0	0
STABG	1999	1	18	0	0	0
STABG	1999	1	19	0	0	0
STABG	1999	1	20	0	0	0
STABG	1999	1	21	0	0	0
STABG	1999	1	22	0	0	0
STABG	1999	1	23	0	0	0
STABG	1999	1	24	0	0	0.59
STABG	1999	1	25	0	0	0.34
STABG	1999	1	26	0	0	0
STABG	1999	1	27	0	0	0
STABG	1999	1	28	0	0	0
STABG	1999	1	29	0	0	0
STABG	1999	1	30	0	0	0
STABG	1999	1	31	0	0	0
STABG	1999	2	1	0	0	0.31
STABG	1999	2	2	0	0	0.12
STABG	1999	2	3	0	0	0
STABG	1999	2	4	0	0	0
STABG	1999	2	5	0	0	0
STABG	1999	2	6	0	0	0
STABG	1999	2	7	0	0	0
STABG	1999	2	8	0	0	0
STABG	1999	2	9	0	0	0
STABG	1999	2	10	0	0	0
STABG	1999	2	11	0	0	0
STABG	1999	2	12	0	0	0
STABG	1999	2	13	0	0	0.05
STABG	1999	2	14	0	0	0
STABG	1999	2	15	0	0	0
STABG	1999	2	16	0	0	0
STABG	1999	2	17	0	0	0
STABG	1999	2	18	0	0	0.07
STABG	1999	2	19	0	0	0.09
STABG	1999	2	20	0	0	0
STABG	1999	2	21	0	0	0
STABG	1999	2	22	0	0	0.01
STABG	1999	2	23	0	0	0
STABG	1999	2	24	0	0	0
STABG	1999	2	25	0	0	0
STABG	1999	2	26	0	0	0
STABG	1999	2	27	0	0	0
STABG	1999	2	28	0	0	0
STABG	1999	3	1	0	0	0
STABG	1999	3	2	0	0	0
STABG	1999	3	3	0	0	0
STABG	1999	3	4	0	0	0.06
STABG	1999	3	5	0	0	0
STABG	1999	3	6	0	0	0
STABG	1999	3	7	0	0	0
STABG	1999	3	8	0	0	0
STABG	1999	3	9	0	0	0
STABG	1999	3	10	0	0	0
STABG	1999	3	11	0	0	0
STABG	1999	3	12	0	0	0
STABG	1999	3	13	0	0	0
STABG	1999	3	14	0	0	0
STABG	1999	3	15	0	0	0.03
STABG	1999	3	16	0	0	0.03
STABG	1999	3	17	0	0	0
STABG	1999	3	18	0	0	0
STABG	1999	3	19	0	0	0
STABG	1999	3	20	0	0	0
STABG	1999	3	21	0	0	0
STABG	1999	3	22	0	0	0
STABG	1999	3	23	0	0	0
STABG	1999	3	24	0	0	0
STABG	1999	3	25	0	0	0
STABG	1999	3	26	0	0	0
STABG	1999	3	27	0	0	0.01
STABG	1999	3	28	0	0	0
STABG	1999	3	29	0	0	0
STABG	1999	3	30	0	0	0
STABG	1999	3	31	0	0	0
STABG	1999	4	1	0	0	0
STABG	1999	4	2	0	0	0
STABG	1999	4	3	0	0	0
STABG	1999	4	4	0	0	0
STABG	1999	4	5	0	0	0
STABG	1999	4	6	0	0	0
STABG	1999	4	7	0	0	0.02
STABG	1999	4	8	0	0	0
STABG	1999	4	9	0	0	0
STABG	1999	4	10	0	0	0
STABG	1999	4	11	0	0	0
STABG	1999	4	12	0	0	0
STABG	1999	4	13	0	0	0
STABG	1999	4	14	0	0	0
STABG	1999	4	15	0	0	0
STABG	1999	4	16	0	0	0
STABG	1999	4	17	0	0	0
STABG	1999	4	18	0	0	0.08
STABG	1999	4	19	0	0	0
STABG	1999	4	20	0	0	0
STABG	1999	4	21	0	0	0
STABG	1999	4	22	0	0	0
STABG	1999	4	23	0	0	0
STABG	1999	4	24	0	0	0
STABG	1999	4	25	0	0	0
STABG	1999	4	26	0	0	0
STABG	1999	4	27	0	0	0
STABG	1999	4	28	0	0	0.45
STABG	1999	4	29	0	0	0.24
STABG	1999	4	30	0	0	0.02
STABG	1999	5	1	0	0	0.01
STABG	1999	5	2	0	0	0
STABG	1999	5	3	0	0	0
STABG	1999	5	4	0	0	0
STABG	1999	5	5	0	0	0
STABG	1999	5	6	0	0	0
STABG	1999	5	7	0	0	0
STABG	1999	5	8	0	0	0
STABG	1999	5	9	0	0	0.03
STABG	1999	5	10	0	0	2.1
STABG	1999	5	11	0	0	0.01
STABG	1999	5	12	0	0	0
STABG	1999	5	13	0	0	0.34
STABG	1999	5	14	0	0	0
STABG	1999	5	15	0	0	0
STABG	1999	5	16	0	0	1.09
STABG	1999	5	17	0	0	0
STABG	1999	5	18	0	0	0.09
STABG	1999	5	19	0	0	0
STABG	1999	5	20	0	0	0.03
STABG	1999	5	21	0	0	0
STABG	1999	5	22	0	0	0.61
STABG	1999	5	23	0	0	0.59
STABG	1999	5	24	0	0	0
STABG	1999	5	25	0	0	0
STABG	1999	5	26	0	0	0
STABG	1999	5	27	0	0	0
STABG	1999	5	28	0	0	0
STABG	1999	5	29	0	0	0
STABG	1999	5	30	0	0	0.07
STABG	1999	5	31	0	0	0.09
STABG	1999	6	1	0	0	0
STABG	1999	6	2	0	0	0.01
STABG	1999	6	3	0	0	0.93
STABG	1999	6	4	0	0	0.38
STABG	1999	6	5	0	0	0.31
STABG	1999	6	6	0	0	0.2
STABG	1999	6	7	0	0	0
STABG	1999	6	8	0	0	3.01
STABG	1999	6	9	0	0	0.45
STABG	1999	6	10	0	0	0
STABG	1999	6	11	0	0	0
STABG	1999	6	12	0	0	0.12
STABG	1999	6	13	0	0	0.48
STABG	1999	6	14	0	0	0
STABG	1999	6	15	0	0	0
STABG	1999	6	16	0	0	0.02
STABG	1999	6	17	0	0	0.45
STABG	1999	6	18	0	0	0
STABG	1999	6	19	0	0	0.38
STABG	1999	6	20	0	0	0.01
STABG	1999	6	21	0	0	0.08
STABG	1999	6	22	0	0	0.05
STABG	1999	6	23	0	0	0.05
STABG	1999	6	24	0	0	0.39
STABG	1999	6	25	0	0	0.01
STABG	1999	6	26	0	0	0.95
STABG	1999	6	27	0	0	0.38
STABG	1999	6	28	0	0	0
STABG	1999	6	29	0	0	0
STABG	1999	6	30	0	0	0.8
STABG	1999	7	1	0	0	0.25
STABG	1999	7	2	0	0	2.1
STABG	1999	7	3	0	0	0.79
STABG	1999	7	4	0	0	0.01
STABG	1999	7	5	0	0	0.38
STABG	1999	7	6	0	0	0.04
STABG	1999	7	7	0	0	0
STABG	1999	7	8	0	0	0.25
STABG	1999	7	9	0	0	0.01
STABG	1999	7	10	0	0	0
STABG	1999	7	11	0	0	0
STABG	1999	7	12	0	0	0.47
STABG	1999	7	13	0	0	0.07
STABG	1999	7	14	0	0	0
STABG	1999	7	15	0	0	0.46
STABG	1999	7	16	0	0	0.52
STABG	1999	7	17	0	0	0
STABG	1999	7	18	0	0	0.24
STABG	1999	7	19	0	0	0
STABG	1999	7	20	0	0	0
STABG	1999	7	21	0	0	0.76
STABG	1999	7	22	0	0	0.05
STABG	1999	7	23	0	0	0.34
STABG	1999	7	24	0	0	0
STABG	1999	7	25	0	0	0
STABG	1999	7	26	0	0	0
STABG	1999	7	27	0	0	0.61
STABG	1999	7	28	0	0	0
STABG	1999	7	29	0	0	0
STABG	1999	7	30	0	0	0
STABG	1999	7	31	0	0	0.02
STABG	1999	8	1	0	0	0
STABG	1999	8	2	0	0	0
STABG	1999	8	3	0	0	0.02
STABG	1999	8	4	0	0	0
STABG	1999	8	5	0	0	0
STABG	1999	8	6	0	0	0.71
STABG	1999	8	7	0	0	0.11
STABG	1999	8	8	0	0	0
STABG	1999	8	9	0	0	0.01
STABG	1999	8	10	0	0	0.32
STABG	1999	8	11	0	0	0.24
STABG	1999	8	12	0	0	0.19
STABG	1999	8	13	0	0	0
STABG	1999	8	14	0	0	0
STABG	1999	8	15	0	0	0.57
STABG	1999	8	16	0	0	0.02
STABG	1999	8	17	0	0	0
STABG	1999	8	18	0	0	0.47
STABG	1999	8	19	0	0	0.03
STABG	1999	8	20	0	0	0.46
STABG	1999	8	21	0	0	0.16
STABG	1999	8	22	0	0	0.07
STABG	1999	8	23	0	0	0.02
STABG	1999	8	24	0	0	0.46
STABG	1999	8	25	0	0	1.02
STABG	1999	8	26	0	0	0
STABG	1999	8	27	0	0	0
STABG	1999	8	28	0	0	0
STABG	1999	8	29	0	0	0
STABG	1999	8	30	0	0	0
STABG	1999	8	31	0	0	0
STABG	1999	9	1	0	0	0.67
STABG	1999	9	2	0	0	0.83
STABG	1999	9	3	0	0	0
STABG	1999	9	4	0	0	0
STABG	1999	9	5	0	0	0
STABG	1999	9	6	0	0	0.02
STABG	1999	9	7	0	0	0.03
STABG	1999	9	8	0	0	2.26
STABG	1999	9	9	0	0	0.32
STABG	1999	9	10	0	0	0.44
STABG	1999	9	11	0	0	0
STABG	1999	9	12	0	0	0
STABG	1999	9	13	0	0	0
STABG	1999	9	14	0	0	0.32
STABG	1999	9	15	0	0	0.19
STABG	1999	9	16	0	0	0
STABG	1999	9	17	0	0	0
STABG	1999	9	18	0	0	0.39
STABG	1999	9	19	0	0	0.81
STABG	1999	9	20	0	0	0.01
STABG	1999	9	21	0	0	1.16
STABG	1999	9	22	0	0	0
STABG	1999	9	23	0	0	0
STABG	1999	9	24	0	0	0.01
STABG	1999	9	25	0	0	0.42
STABG	1999	9	26	0	0	1.09
STABG	1999	9	27	0	0	0.65
STABG	1999	9	28	0	0	0.05
STABG	1999	9	29	0	0	0
STABG	1999	9	30	0	0	0
STABG	1999	10	1	0	0	0
STABG	1999	10	2	0	0	0.01
STABG	1999	10	3	0	0	0
STABG	1999	10	4	0	0	0.07
STABG	1999	10	5	0	0	0.95
STABG	1999	10	6	0	0	0.01
STABG	1999	10	7	0	0	0.06
STABG	1999	10	8	0	0	0.13
STABG	1999	10	9	0	0	1.24
STABG	1999	10	10	0	0	0.02
STABG	1999	10	11	0	0	0.06
STABG	1999	10	12	0	0	0.19
STABG	1999	10	13	0	0	0.03
STABG	1999	10	14	0	0	0.01
STABG	1999	10	15	0	0	0.34
STABG	1999	10	16	0	0	3.28
STABG	1999	10	17	0	0	0.01
STABG	1999	10	18	0	0	0
STABG	1999	10	19	0	0	0
STABG	1999	10	20	0	0	0
STABG	1999	10	21	0	0	1.12
STABG	1999	10	22	0	0	0.07
STABG	1999	10	23	0	0	0
STABG	1999	10	24	0	0	0
STABG	1999	10	25	0	0	0
STABG	1999	10	26	0	0	0
STABG	1999	10	27	0	0	0.02
STABG	1999	10	28	0	0	0
STABG	1999	10	29	0	0	0
STABG	1999	10	30	0	0	0.03
STABG	1999	10	31	0	0	0
STABG	1999	11	1	0	0	0.97
STABG	1999	11	2	0	0	0.27
STABG	1999	11	3	0	0	0.01
STABG	1999	11	4	0	0	0
STABG	1999	11	5	0	0	0
STABG	1999	11	6	0	0	0
STABG	1999	11	7	0	0	0
STABG	1999	11	8	0	0	0
STABG	1999	11	9	0	0	0
STABG	1999	11	10	0	0	0
STABG	1999	11	11	0	0	0
STABG	1999	11	12	0	0	0
STABG	1999	11	13	0	0	0
STABG	1999	11	14	0	0	0
STABG	1999	11	15	0	0	0
STABG	1999	11	16	0	0	0
STABG	1999	11	17	0	0	0
STABG	1999	11	18	0	0	0
STABG	1999	11	19	0	0	0
STABG	1999	11	20	0	0	0
STABG	1999	11	21	0	0	0
STABG	1999	11	22	0	0	0.47
STABG	1999	11	23	0	0	0
STABG	1999	11	24	0	0	0
STABG	1999	11	25	0	0	0.05
STABG	1999	11	26	0	0	0.02
STABG	1999	11	27	0	0	0
STABG	1999	11	28	0	0	0
STABG	1999	11	29	0	0	0
STABG	1999	11	30	0	0	0
STABG	1999	12	1	0	0	0.02
STABG	1999	12	2	0	0	0
STABG	1999	12	3	0	0	0
STABG	1999	12	4	0	0	0
STABG	1999	12	5	0	0	0
STABG	1999	12	6	0	0	0.04
STABG	1999	12	7	0	0	0
STABG	1999	12	8	0	0	0
STABG	1999	12	9	0	0	0
STABG	1999	12	10	0	0	0
STABG	1999	12	11	0	0	0
STABG	1999	12	12	0	0	0.01
STABG	1999	12	13	0	0	0.02
STABG	1999	12	14	0	0	0
STABG	1999	12	15	0	0	0.09
STABG	1999	12	16	0	0	0
STABG	1999	12	17	0	0	0.05
STABG	1999	12	18	0	0	0.23
STABG	1999	12	19	0	0	0.1
STABG	1999	12	20	0	0	0
STABG	1999	12	21	0	0	0
STABG	1999	12	22	0	0	0.01
STABG	1999	12	23	0	0	0
STABG	1999	12	24	0	0	0
STABG	1999	12	25	0	0	0
STABG	1999	12	26	0	0	0
STABG	1999	12	27	0	0	0
STABG	1999	12	28	0	0	0.01
STABG	1999	12	29	0	0	0.16
STABG	1999	12	30	0	0	0
STABG	1999	12	31	0	0	0
STABG	2000	1	1	0	0	0
STABG	2000	1	2	0	0	0
STABG	2000	1	3	0	0	0
STABG	2000	1	4	0	0	0
STABG	2000	1	5	0	0	0
STABG	2000	1	6	0	0	0
STABG	2000	1	7	0	0	0
STABG	2000	1	8	0	0	0.01
STABG	2000	1	9	0	0	0
STABG	2000	1	10	0	0	0
STABG	2000	1	11	0	0	0
STABG	2000	1	12	0	0	0
STABG	2000	1	13	0	0	0
STABG	2000	1	14	0	0	0
STABG	2000	1	15	0	0	0
STABG	2000	1	16	0	0	0.01
STABG	2000	1	17	0	0	0
STABG	2000	1	18	0	0	0
STABG	2000	1	19	0	0	0
STABG	2000	1	20	0	0	0
STABG	2000	1	21	0	0	0
STABG	2000	1	22	0	0	0
STABG	2000	1	23	0	0	0
STABG	2000	1	24	0	0	0.71
STABG	2000	1	25	0	0	0.07
STABG	2000	1	26	0	0	0
STABG	2000	1	27	0	0	0
STABG	2000	1	28	0	0	0
STABG	2000	1	29	0	0	0.05
STABG	2000	1	30	0	0	0
STABG	2000	1	31	0	0	0
STABG	2000	2	1	0	0	0
STABG	2000	2	2	0	0	0
STABG	2000	2	3	0	0	0
STABG	2000	2	4	0	0	0
STABG	2000	2	5	0	0	0
STABG	2000	2	6	0	0	0
STABG	2000	2	7	0	0	0
STABG	2000	2	8	0	0	0
STABG	2000	2	9	0	0	0.76
STABG	2000	2	10	0	0	0
STABG	2000	2	11	0	0	0
STABG	2000	2	12	0	0	0
STABG	2000	2	13	0	0	0
STABG	2000	2	14	0	0	0
STABG	2000	2	15	0	0	0
STABG	2000	2	16	0	0	0
STABG	2000	2	17	0	0	0
STABG	2000	2	18	0	0	0
STABG	2000	2	19	0	0	0
STABG	2000	2	20	0	0	0
STABG	2000	2	21	0	0	0
STABG	2000	2	22	0	0	0
STABG	2000	2	23	0	0	0
STABG	2000	2	24	0	0	0
STABG	2000	2	25	0	0	0.03
STABG	2000	2	26	0	0	0
STABG	2000	2	27	0	0	0
STABG	2000	2	28	0	0	0
STABG	2000	2	29	0	0	0
STABG	2000	3	1	0	0	0
STABG	2000	3	2	0	0	0
STABG	2000	3	3	0	0	0
STABG	2000	3	4	0	0	0
STABG	2000	3	5	0	0	0
STABG	2000	3	6	0	0	0
STABG	2000	3	7	0	0	0
STABG	2000	3	8	0	0	0
STABG	2000	3	9	0	0	0
STABG	2000	3	10	0	0	0
STABG	2000	3	11	0	0	0.02
STABG	2000	3	12	0	0	0.16
STABG	2000	3	13	0	0	0
STABG	2000	3	14	0	0	0
STABG	2000	3	15	0	0	0
STABG	2000	3	16	0	0	0
STABG	2000	3	17	0	0	0
STABG	2000	3	18	0	0	0
STABG	2000	3	19	0	0	0.4
STABG	2000	3	20	0	0	1.26
STABG	2000	3	21	0	0	0
STABG	2000	3	22	0	0	0
STABG	2000	3	23	0	0	0
STABG	2000	3	24	0	0	0
STABG	2000	3	25	0	0	0
STABG	2000	3	26	0	0	0
STABG	2000	3	27	0	0	0
STABG	2000	3	28	0	0	0.07
STABG	2000	3	29	0	0	0
STABG	2000	3	30	0	0	0.35
STABG	2000	3	31	0	0	0
STABG	2000	4	1	0	0	0
STABG	2000	4	2	0	0	0
STABG	2000	4	3	0	0	0
STABG	2000	4	4	0	0	0
STABG	2000	4	5	0	0	0
STABG	2000	4	6	0	0	0
STABG	2000	4	7	0	0	0
STABG	2000	4	8	0	0	0
STABG	2000	4	9	0	0	0.04
STABG	2000	4	10	0	0	0
STABG	2000	4	11	0	0	0
STABG	2000	4	12	0	0	0.11
STABG	2000	4	13	0	0	0.09
STABG	2000	4	14	0	0	0.95
STABG	2000	4	15	0	0	2.14
STABG	2000	4	16	0	0	0.34
STABG	2000	4	17	0	0	0
STABG	2000	4	18	0	0	0
STABG	2000	4	19	0	0	0
STABG	2000	4	20	0	0	0
STABG	2000	4	21	0	0	0
STABG	2000	4	22	0	0	0
STABG	2000	4	23	0	0	0
STABG	2000	4	24	0	0	0
STABG	2000	4	25	0	0	0
STABG	2000	4	26	0	0	0
STABG	2000	4	27	0	0	0.6
STABG	2000	4	28	0	0	2
STABG	2000	4	29	0	0	0
STABG	2000	4	30	0	0	0
STABG	2000	5	1	0	0	0
STABG	2000	5	2	0	0	0
STABG	2000	5	3	0	0	0
STABG	2000	5	4	0	0	0
STABG	2000	5	5	0	0	0
STABG	2000	5	6	0	0	0
STABG	2000	5	7	0	0	0
STABG	2000	5	8	0	0	0
STABG	2000	5	9	0	0	2.02
STABG	2000	5	10	0	0	0
STABG	2000	5	11	0	0	0
STABG	2000	5	12	0	0	0
STABG	2000	5	13	0	0	0
STABG	2000	5	14	0	0	0
STABG	2000	5	15	0	0	0
STABG	2000	5	16	0	0	0.44
STABG	2000	5	17	0	0	0
STABG	2000	5	18	0	0	0
STABG	2000	5	19	0	0	0
STABG	2000	5	20	0	0	0
STABG	2000	5	21	0	0	0
STABG	2000	5	22	0	0	0
STABG	2000	5	23	0	0	0
STABG	2000	5	24	0	0	0.21
STABG	2000	5	25	0	0	0
STABG	2000	5	26	0	0	0
STABG	2000	5	27	0	0	0.1
STABG	2000	5	28	0	0	0
STABG	2000	5	29	0	0	0
STABG	2000	5	30	0	0	0
STABG	2000	5	31	0	0	0
STABG	2000	6	1	0	0	0
STABG	2000	6	2	0	0	0
STABG	2000	6	3	0	0	0
STABG	2000	6	4	0	0	0
STABG	2000	6	5	0	0	0
STABG	2000	6	6	0	0	0
STABG	2000	6	7	0	0	0
STABG	2000	6	8	0	0	0.08
STABG	2000	6	9	0	0	0.02
STABG	2000	6	10	0	0	0
STABG	2000	6	11	0	0	0.66
STABG	2000	6	12	0	0	0.89
STABG	2000	6	13	0	0	0
STABG	2000	6	14	0	0	0
STABG	2000	6	15	0	0	0
STABG	2000	6	16	0	0	0
STABG	2000	6	17	0	0	0
STABG	2000	6	18	0	0	0
STABG	2000	6	19	0	0	0
STABG	2000	6	20	0	0	0.03
STABG	2000	6	21	0	0	0
STABG	2000	6	22	0	0	0.32
STABG	2000	6	23	0	0	0
STABG	2000	6	24	0	0	0
STABG	2000	6	25	0	0	1.14
STABG	2000	6	26	0	0	1.62
STABG	2000	6	27	0	0	0.05
STABG	2000	6	28	0	0	0.16
STABG	2000	6	29	0	0	0
STABG	2000	6	30	0	0	0.02
STABG	2000	7	1	0	0	0.73
STABG	2000	7	2	0	0	1.75
STABG	2000	7	3	0	0	0.52
STABG	2000	7	4	0	0	0.91
STABG	2000	7	5	0	0	0.02
STABG	2000	7	6	0	0	0
STABG	2000	7	7	0	0	0
STABG	2000	7	8	0	0	1.29
STABG	2000	7	9	0	0	0.53
STABG	2000	7	10	0	0	0
STABG	2000	7	11	0	0	0.01
STABG	2000	7	12	0	0	1.23
STABG	2000	7	13	0	0	0
STABG	2000	7	14	0	0	0.03
STABG	2000	7	15	0	0	0.31
STABG	2000	7	16	0	0	0.02
STABG	2000	7	17	0	0	0.03
STABG	2000	7	18	0	0	0
STABG	2000	7	19	0	0	1.78
STABG	2000	7	20	0	0	0.17
STABG	2000	7	21	0	0	0
STABG	2000	7	22	0	0	0.03
STABG	2000	7	23	0	0	0
STABG	2000	7	24	0	0	0.01
STABG	2000	7	25	0	0	0.96
STABG	2000	7	26	0	0	0
STABG	2000	7	27	0	0	0.15
STABG	2000	7	28	0	0	0.08
STABG	2000	7	29	0	0	0.32
STABG	2000	7	30	0	0	0
STABG	2000	7	31	0	0	0.28
STABG	2000	8	1	0	0	0
STABG	2000	8	2	0	0	0.71
STABG	2000	8	3	0	0	0.22
STABG	2000	8	4	0	0	0.39
STABG	2000	8	5	0	0	0
STABG	2000	8	6	0	0	0
STABG	2000	8	7	0	0	0.23
STABG	2000	8	8	0	0	0
STABG	2000	8	9	0	0	0
STABG	2000	8	10	0	0	0
STABG	2000	8	11	0	0	0
STABG	2000	8	12	0	0	0
STABG	2000	8	13	0	0	0
STABG	2000	8	14	0	0	0
STABG	2000	8	15	0	0	0.37
STABG	2000	8	16	0	0	0
STABG	2000	8	17	0	0	0
STABG	2000	8	18	0	0	0
STABG	2000	8	19	0	0	0
STABG	2000	8	20	0	0	0
STABG	2000	8	21	0	0	0
STABG	2000	8	22	0	0	0
STABG	2000	8	23	0	0	0.73
STABG	2000	8	24	0	0	0.03
STABG	2000	8	25	0	0	0
STABG	2000	8	26	0	0	0
STABG	2000	8	27	0	0	0.15
STABG	2000	8	28	0	0	0.29
STABG	2000	8	29	0	0	0.05
STABG	2000	8	30	0	0	0
STABG	2000	8	31	0	0	0.6
STABG	2000	9	1	0	0	0.03
STABG	2000	9	2	0	0	0
STABG	2000	9	3	0	0	0
STABG	2000	9	4	0	0	0
STABG	2000	9	5	0	0	0
STABG	2000	9	6	0	0	0.27
STABG	2000	9	7	0	0	0.03
STABG	2000	9	8	0	0	0.07
STABG	2000	9	9	0	0	1
STABG	2000	9	10	0	0	0
STABG	2000	9	11	0	0	0.01
STABG	2000	9	12	0	0	0
STABG	2000	9	13	0	0	0
STABG	2000	9	14	0	0	0
STABG	2000	9	15	0	0	0
STABG	2000	9	16	0	0	0.08
STABG	2000	9	17	0	0	0.11
STABG	2000	9	18	0	0	1.19
STABG	2000	9	19	0	0	1.87
STABG	2000	9	20	0	0	0.22
STABG	2000	9	21	0	0	0.17
STABG	2000	9	22	0	0	0
STABG	2000	9	23	0	0	0
STABG	2000	9	24	0	0	0
STABG	2000	9	25	0	0	0
STABG	2000	9	26	0	0	0.07
STABG	2000	9	27	0	0	0
STABG	2000	9	28	0	0	0.18
STABG	2000	9	29	0	0	0.07
STABG	2000	9	30	0	0	0.1
STABG	2000	10	1	0	0	0.02
STABG	2000	10	2	0	0	0
STABG	2000	10	3	0	0	0.08
STABG	2000	10	4	0	0	3.03
STABG	2000	10	5	0	0	1.37
STABG	2000	10	6	0	0	0
STABG	2000	10	7	0	0	0.12
STABG	2000	10	8	0	0	0
STABG	2000	10	9	0	0	0
STABG	2000	10	10	0	0	0
STABG	2000	10	11	0	0	0
STABG	2000	10	12	0	0	0
STABG	2000	10	13	0	0	0
STABG	2000	10	14	0	0	0
STABG	2000	10	15	0	0	0
STABG	2000	10	16	0	0	0
STABG	2000	10	17	0	0	0
STABG	2000	10	18	0	0	0
STABG	2000	10	19	0	0	0
STABG	2000	10	20	0	0	0
STABG	2000	10	21	0	0	0
STABG	2000	10	22	0	0	0
STABG	2000	10	23	0	0	0
STABG	2000	10	24	0	0	0.11
STABG	2000	10	25	0	0	0.02
STABG	2000	10	26	0	0	0.01
STABG	2000	10	27	0	0	0
STABG	2000	10	28	0	0	0
STABG	2000	10	29	0	0	0
STABG	2000	10	30	0	0	0
STABG	2000	10	31	0	0	0.07
STABG	2000	11	1	0	0	0
STABG	2000	11	2	0	0	0
STABG	2000	11	3	0	0	0
STABG	2000	11	4	0	0	0
STABG	2000	11	5	0	0	0
STABG	2000	11	6	0	0	0
STABG	2000	11	7	0	0	0
STABG	2000	11	8	0	0	0
STABG	2000	11	9	0	0	0
STABG	2000	11	10	0	0	0
STABG	2000	11	11	0	0	0.15
STABG	2000	11	12	0	0	0
STABG	2000	11	13	0	0	0
STABG	2000	11	14	0	0	0
STABG	2000	11	15	0	0	0.01
STABG	2000	11	16	0	0	0
STABG	2000	11	17	0	0	0
STABG	2000	11	18	0	0	0
STABG	2000	11	19	0	0	0
STABG	2000	11	20	0	0	0
STABG	2000	11	21	0	0	0.04
STABG	2000	11	22	0	0	0
STABG	2000	11	23	0	0	0
STABG	2000	11	24	0	0	0
STABG	2000	11	25	0	0	0
STABG	2000	11	26	0	0	0.01
STABG	2000	11	27	0	0	0.43
STABG	2000	11	28	0	0	0
STABG	2000	11	29	0	0	0
STABG	2000	11	30	0	0	0
STABG	2000	12	1	0	0	0
STABG	2000	12	2	0	0	0
STABG	2000	12	3	0	0	0
STABG	2000	12	4	0	0	0
STABG	2000	12	5	0	0	0
STABG	2000	12	6	0	0	0
STABG	2000	12	7	0	0	0.06
STABG	2000	12	8	0	0	0
STABG	2000	12	9	0	0	0
STABG	2000	12	10	0	0	0
STABG	2000	12	11	0	0	0
STABG	2000	12	12	0	0	0
STABG	2000	12	13	0	0	0
STABG	2000	12	14	0	0	0
STABG	2000	12	15	0	0	0
STABG	2000	12	16	0	0	0
STABG	2000	12	17	0	0	0
STABG	2000	12	18	0	0	0
STABG	2000	12	19	0	0	0
STABG	2000	12	20	0	0	0
STABG	2000	12	21	0	0	0
STABG	2000	12	22	0	0	0
STABG	2000	12	23	0	0	0
STABG	2000	12	24	0	0	0
STABG	2000	12	25	0	0	0
STABG	2000	12	26	0	0	0.01
STABG	2000	12	27	0	0	0
STABG	2000	12	28	0	0	0
STABG	2000	12	29	0	0	0.23
STABG	2000	12	30	0	0	0
STABG	2000	12	31	0	0	0
STABG	2001	1	1	0	0	0
STABG	2001	1	2	0	0	0
STABG	2001	1	3	0	0	0
STABG	2001	1	4	0	0	0.04
STABG	2001	1	5	0	0	0
STABG	2001	1	6	0	0	0
STABG	2001	1	7	0	0	0
STABG	2001	1	8	0	0	0
STABG	2001	1	9	0	0	0.23
STABG	2001	1	10	0	0	0
STABG	2001	1	11	0	0	0
STABG	2001	1	12	0	0	0
STABG	2001	1	13	0	0	0
STABG	2001	1	14	0	0	0
STABG	2001	1	15	0	0	0
STABG	2001	1	16	0	0	0
STABG	2001	1	17	0	0	0
STABG	2001	1	18	0	0	0
STABG	2001	1	19	0	0	0
STABG	2001	1	20	0	0	0.03
STABG	2001	1	21	0	0	0.11
STABG	2001	1	22	0	0	0.05
STABG	2001	1	23	0	0	0.18
STABG	2001	1	24	0	0	0
STABG	2001	1	25	0	0	0
STABG	2001	1	26	0	0	0
STABG	2001	1	27	0	0	0
STABG	2001	1	28	0	0	0
STABG	2001	1	29	0	0	0
STABG	2001	1	30	0	0	0
STABG	2001	1	31	0	0	0
STABG	2001	2	1	0	0	0.02
STABG	2001	2	2	0	0	0
STABG	2001	2	3	0	0	0
STABG	2001	2	4	0	0	0
STABG	2001	2	5	0	0	0
STABG	2001	2	6	0	0	0
STABG	2001	2	7	0	0	0
STABG	2001	2	8	0	0	0
STABG	2001	2	9	0	0	0
STABG	2001	2	10	0	0	0
STABG	2001	2	11	0	0	0
STABG	2001	2	12	0	0	0
STABG	2001	2	13	0	0	0
STABG	2001	2	14	0	0	0
STABG	2001	2	15	0	0	0
STABG	2001	2	16	0	0	0
STABG	2001	2	17	0	0	0
STABG	2001	2	18	0	0	0
STABG	2001	2	19	0	0	0
STABG	2001	2	20	0	0	0
STABG	2001	2	21	0	0	0
STABG	2001	2	22	0	0	0
STABG	2001	2	23	0	0	0
STABG	2001	2	24	0	0	0
STABG	2001	2	25	0	0	0
STABG	2001	2	26	0	0	0
STABG	2001	2	27	0	0	0
STABG	2001	2	28	0	0	0.12
STABG	2001	3	1	0	0	0
STABG	2001	3	2	0	0	0
STABG	2001	3	3	0	0	0
STABG	2001	3	4	0	0	0
STABG	2001	3	5	0	0	0.46
STABG	2001	3	6	0	0	0
STABG	2001	3	7	0	0	0
STABG	2001	3	8	0	0	0
STABG	2001	3	9	0	0	0
STABG	2001	3	10	0	0	0
STABG	2001	3	11	0	0	0
STABG	2001	3	12	0	0	0
STABG	2001	3	13	0	0	0
STABG	2001	3	14	0	0	0
STABG	2001	3	15	0	0	0
STABG	2001	3	16	0	0	0
STABG	2001	3	17	0	0	0
STABG	2001	3	18	0	0	0.39
STABG	2001	3	19	0	0	0.37
STABG	2001	3	20	0	0	1.7
STABG	2001	3	21	0	0	0
STABG	2001	3	22	0	0	0
STABG	2001	3	23	0	0	0
STABG	2001	3	24	0	0	0
STABG	2001	3	25	0	0	0
STABG	2001	3	26	0	0	0
STABG	2001	3	27	0	0	0
STABG	2001	3	28	0	0	0
STABG	2001	3	29	0	0	0.02
STABG	2001	3	30	0	0	1.32
STABG	2001	3	31	0	0	0.02
STABG	2001	4	1	0	0	0.08
STABG	2001	4	2	0	0	0
STABG	2001	4	3	0	0	0
STABG	2001	4	4	0	0	0
STABG	2001	4	5	0	0	0
STABG	2001	4	6	0	0	0
STABG	2001	4	7	0	0	0
STABG	2001	4	8	0	0	0
STABG	2001	4	9	0	0	0
STABG	2001	4	10	0	0	0
STABG	2001	4	11	0	0	0
STABG	2001	4	12	0	0	0
STABG	2001	4	13	0	0	0
STABG	2001	4	14	0	0	0
STABG	2001	4	15	0	0	0
STABG	2001	4	16	0	0	0
STABG	2001	4	17	0	0	0
STABG	2001	4	18	0	0	0
STABG	2001	4	19	0	0	0
STABG	2001	4	20	0	0	0
STABG	2001	4	21	0	0	0
STABG	2001	4	22	0	0	0
STABG	2001	4	23	0	0	0
STABG	2001	4	24	0	0	0
STABG	2001	4	25	0	0	0
STABG	2001	4	26	0	0	0.05
STABG	2001	4	27	0	0	0
STABG	2001	4	28	0	0	0
STABG	2001	4	29	0	0	0
STABG	2001	4	30	0	0	0.02
STABG	2001	5	1	0	0	0.02
STABG	2001	5	2	0	0	0.08
STABG	2001	5	3	0	0	0
STABG	2001	5	4	0	0	0.41
STABG	2001	5	5	0	0	0.25
STABG	2001	5	6	0	0	0
STABG	2001	5	7	0	0	0
STABG	2001	5	8	0	0	0.06
STABG	2001	5	9	0	0	0
STABG	2001	5	10	0	0	0
STABG	2001	5	11	0	0	0
STABG	2001	5	12	0	0	0
STABG	2001	5	13	0	0	0
STABG	2001	5	14	0	0	0
STABG	2001	5	15	0	0	0
STABG	2001	5	16	0	0	0
STABG	2001	5	17	0	0	0
STABG	2001	5	18	0	0	0
STABG	2001	5	19	0	0	0
STABG	2001	5	20	0	0	0
STABG	2001	5	21	0	0	0
STABG	2001	5	22	0	0	0
STABG	2001	5	23	0	0	0.41
STABG	2001	5	24	0	0	0.27
STABG	2001	5	25	0	0	0
STABG	2001	5	26	0	0	0.65
STABG	2001	5	27	0	0	0.72
STABG	2001	5	28	0	0	1.26
STABG	2001	5	29	0	0	0.01
STABG	2001	5	30	0	0	0
STABG	2001	5	31	0	0	0
STABG	2001	6	1	0	0	1.18
STABG	2001	6	2	0	0	0.42
STABG	2001	6	3	0	0	0
STABG	2001	6	4	0	0	0
STABG	2001	6	5	0	0	0
STABG	2001	6	6	0	0	0.05
STABG	2001	6	7	0	0	0
STABG	2001	6	8	0	0	0.19
STABG	2001	6	9	0	0	0.23
STABG	2001	6	10	0	0	0.16
STABG	2001	6	11	0	0	0
STABG	2001	6	12	0	0	0
STABG	2001	6	13	0	0	0.03
STABG	2001	6	14	0	0	0.03
STABG	2001	6	15	0	0	0.41
STABG	2001	6	16	0	0	0
STABG	2001	6	17	0	0	0
STABG	2001	6	18	0	0	0
STABG	2001	6	19	0	0	1.68
STABG	2001	6	20	0	0	0
STABG	2001	6	21	0	0	0
STABG	2001	6	22	0	0	0.31
STABG	2001	6	23	0	0	0
STABG	2001	6	24	0	0	1.41
STABG	2001	6	25	0	0	0.17
STABG	2001	6	26	0	0	0
STABG	2001	6	27	0	0	0
STABG	2001	6	28	0	0	0.14
STABG	2001	6	29	0	0	0.11
STABG	2001	6	30	0	0	0
STABG	2001	7	1	0	0	0
STABG	2001	7	2	0	0	0
STABG	2001	7	3	0	0	0
STABG	2001	7	4	0	0	0
STABG	2001	7	5	0	0	0.1
STABG	2001	7	6	0	0	0
STABG	2001	7	7	0	0	0
STABG	2001	7	8	0	0	0
STABG	2001	7	9	0	0	0
STABG	2001	7	10	0	0	0.97
STABG	2001	7	11	0	0	0.02
STABG	2001	7	12	0	0	0.41
STABG	2001	7	13	0	0	0.1
STABG	2001	7	14	0	0	0
STABG	2001	7	15	0	0	0
STABG	2001	7	16	0	0	2.3
STABG	2001	7	17	0	0	0.08
STABG	2001	7	18	0	0	0.1
STABG	2001	7	19	0	0	0.1
STABG	2001	7	20	0	0	0
STABG	2001	7	21	0	0	0.02
STABG	2001	7	22	0	0	0.4
STABG	2001	7	23	0	0	1.1
STABG	2001	7	24	0	0	1.06
STABG	2001	7	25	0	0	0
STABG	2001	7	26	0	0	0.12
STABG	2001	7	27	0	0	0
STABG	2001	7	28	0	0	0.1
STABG	2001	7	29	0	0	0
STABG	2001	7	30	0	0	0
STABG	2001	7	31	0	0	0
STABG	2001	8	1	0	0	0
STABG	2001	8	2	0	0	2.02
STABG	2001	8	3	0	0	0.64
STABG	2001	8	4	0	0	0.72
STABG	2001	8	5	0	0	0.68
STABG	2001	8	6	0	0	0.61
STABG	2001	8	7	0	0	0
STABG	2001	8	8	0	0	0
STABG	2001	8	9	0	0	0.05
STABG	2001	8	10	0	0	0.37
STABG	2001	8	11	0	0	0
STABG	2001	8	12	0	0	0
STABG	2001	8	13	0	0	0
STABG	2001	8	14	0	0	0
STABG	2001	8	15	0	0	0
STABG	2001	8	16	0	0	0
STABG	2001	8	17	0	0	0
STABG	2001	8	18	0	0	0
STABG	2001	8	19	0	0	0
STABG	2001	8	20	0	0	0
STABG	2001	8	21	0	0	0
STABG	2001	8	22	0	0	2.61
STABG	2001	8	23	0	0	0.09
STABG	2001	8	24	0	0	0
STABG	2001	8	25	0	0	0
STABG	2001	8	26	0	0	0
STABG	2001	8	27	0	0	0
STABG	2001	8	28	0	0	0
STABG	2001	8	29	0	0	0
STABG	2001	8	30	0	0	0.79
STABG	2001	8	31	0	0	0
STABG	2001	9	1	0	0	0
STABG	2001	9	2	0	0	0
STABG	2001	9	3	0	0	0
STABG	2001	9	4	0	0	2.48
STABG	2001	9	5	0	0	1.89
STABG	2001	9	6	0	0	0.07
STABG	2001	9	7	0	0	0
STABG	2001	9	8	0	0	0.35
STABG	2001	9	9	0	0	0.12
STABG	2001	9	10	0	0	0
STABG	2001	9	11	0	0	0.61
STABG	2001	9	12	0	0	0.15
STABG	2001	9	13	0	0	1.31
STABG	2001	9	14	0	0	2.76
STABG	2001	9	15	0	0	0.11
STABG	2001	9	16	0	0	0
STABG	2001	9	17	0	0	0
STABG	2001	9	18	0	0	0
STABG	2001	9	19	0	0	0
STABG	2001	9	20	0	0	0
STABG	2001	9	21	0	0	0
STABG	2001	9	22	0	0	0
STABG	2001	9	23	0	0	0
STABG	2001	9	24	0	0	0.65
STABG	2001	9	25	0	0	0.02
STABG	2001	9	26	0	0	0.08
STABG	2001	9	27	0	0	0.86
STABG	2001	9	28	0	0	0.37
STABG	2001	9	29	0	0	2.45
STABG	2001	9	30	0	0	0.09
STABG	2001	10	1	0	0	0
STABG	2001	10	2	0	0	0
STABG	2001	10	3	0	0	0
STABG	2001	10	4	0	0	0
STABG	2001	10	5	0	0	0
STABG	2001	10	6	0	0	0
STABG	2001	10	7	0	0	0
STABG	2001	10	8	0	0	0
STABG	2001	10	9	0	0	0.01
STABG	2001	10	10	0	0	0
STABG	2001	10	11	0	0	0
STABG	2001	10	12	0	0	0
STABG	2001	10	13	0	0	0
STABG	2001	10	14	0	0	0
STABG	2001	10	15	0	0	0
STABG	2001	10	16	0	0	0.81
STABG	2001	10	17	0	0	0
STABG	2001	10	18	0	0	0
STABG	2001	10	19	0	0	0
STABG	2001	10	20	0	0	0
STABG	2001	10	21	0	0	0.09
STABG	2001	10	22	0	0	1.46
STABG	2001	10	23	0	0	0.59
STABG	2001	10	24	0	0	0
STABG	2001	10	25	0	0	0.05
STABG	2001	10	26	0	0	0.34
STABG	2001	10	27	0	0	0.42
STABG	2001	10	28	0	0	0
STABG	2001	10	29	0	0	0
STABG	2001	10	30	0	0	0
STABG	2001	10	31	0	0	0.08
STABG	2001	11	1	0	0	0.01
STABG	2001	11	2	0	0	0
STABG	2001	11	3	0	0	0
STABG	2001	11	4	0	0	0
STABG	2001	11	5	0	0	0.8
STABG	2001	11	6	0	0	0.71
STABG	2001	11	7	0	0	0
STABG	2001	11	8	0	0	0
STABG	2001	11	9	0	0	0
STABG	2001	11	10	0	0	0
STABG	2001	11	11	0	0	0
STABG	2001	11	12	0	0	0
STABG	2001	11	13	0	0	0
STABG	2001	11	14	0	0	0
STABG	2001	11	15	0	0	0
STABG	2001	11	16	0	0	0
STABG	2001	11	17	0	0	0
STABG	2001	11	18	0	0	0.01
STABG	2001	11	19	0	0	0
STABG	2001	11	20	0	0	0
STABG	2001	11	21	0	0	0
STABG	2001	11	22	0	0	0
STABG	2001	11	23	0	0	0
STABG	2001	11	24	0	0	0
STABG	2001	11	25	0	0	0
STABG	2001	11	26	0	0	0
STABG	2001	11	27	0	0	0
STABG	2001	11	28	0	0	0
STABG	2001	11	29	0	0	0
STABG	2001	11	30	0	0	0
STABG	2001	12	1	0	0	0
STABG	2001	12	2	0	0	0.02
STABG	2001	12	3	0	0	0
STABG	2001	12	4	0	0	0
STABG	2001	12	5	0	0	0.01
STABG	2001	12	6	0	0	0.02
STABG	2001	12	7	0	0	0.78
STABG	2001	12	8	0	0	0.08
STABG	2001	12	9	0	0	0
STABG	2001	12	10	0	0	0.36
STABG	2001	12	11	0	0	0
STABG	2001	12	12	0	0	0
STABG	2001	12	13	0	0	0
STABG	2001	12	14	0	0	0
STABG	2001	12	15	0	0	0
STABG	2001	12	16	0	0	0
STABG	2001	12	17	0	0	0.12
STABG	2001	12	18	0	0	0
STABG	2001	12	19	0	0	0.02
STABG	2001	12	20	0	0	0
STABG	2001	12	21	0	0	0
STABG	2001	12	22	0	0	0
STABG	2001	12	23	0	0	0
STABG	2001	12	24	0	0	0
STABG	2001	12	25	0	0	0
STABG	2001	12	26	0	0	0.79
STABG	2001	12	27	0	0	0
STABG	2001	12	28	0	0	0
STABG	2001	12	29	0	0	0
STABG	2001	12	30	0	0	0.03
STABG	2001	12	31	0	0	0.04
STABG	2002	1	1	0	0	0.4
STABG	2002	1	2	0	0	0.02
STABG	2002	1	3	0	0	0.08
STABG	2002	1	4	0	0	0
STABG	2002	1	5	0	0	0
STABG	2002	1	6	0	0	0.02
STABG	2002	1	7	0	0	0.01
STABG	2002	1	8	0	0	0
STABG	2002	1	9	0	0	0
STABG	2002	1	10	0	0	0
STABG	2002	1	11	0	0	0
STABG	2002	1	12	0	0	0
STABG	2002	1	13	0	0	0
STABG	2002	1	14	0	0	0
STABG	2002	1	15	0	0	0.81
STABG	2002	1	16	0	0	0.02
STABG	2002	1	17	0	0	0
STABG	2002	1	18	0	0	0.02
STABG	2002	1	19	0	0	0
STABG	2002	1	20	0	0	0
STABG	2002	1	21	0	0	0
STABG	2002	1	22	0	0	0
STABG	2002	1	23	0	0	0
STABG	2002	1	24	0	0	0
STABG	2002	1	25	0	0	0
STABG	2002	1	26	0	0	0
STABG	2002	1	27	0	0	0
STABG	2002	1	28	0	0	0
STABG	2002	1	29	0	0	0
STABG	2002	1	30	0	0	0.01
STABG	2002	1	31	0	0	0.02
STABG	2002	2	1	0	0	0
STABG	2002	2	2	0	0	0
STABG	2002	2	3	0	0	0
STABG	2002	2	4	0	0	0
STABG	2002	2	5	0	0	0
STABG	2002	2	6	0	0	0
STABG	2002	2	7	0	0	0
STABG	2002	2	8	0	0	0.01
STABG	2002	2	9	0	0	0
STABG	2002	2	10	0	0	0.86
STABG	2002	2	11	0	0	2.19
STABG	2002	2	12	0	0	0
STABG	2002	2	13	0	0	0
STABG	2002	2	14	0	0	0.03
STABG	2002	2	15	0	0	0.01
STABG	2002	2	16	0	0	0.11
STABG	2002	2	17	0	0	0.46
STABG	2002	2	18	0	0	0
STABG	2002	2	19	0	0	0
STABG	2002	2	20	0	0	0
STABG	2002	2	21	0	0	0
STABG	2002	2	22	0	0	0
STABG	2002	2	23	0	0	0.74
STABG	2002	2	24	0	0	0.43
STABG	2002	2	25	0	0	0
STABG	2002	2	26	0	0	0
STABG	2002	2	27	0	0	0
STABG	2002	2	28	0	0	0
STABG	2002	3	1	0	0	0
STABG	2002	3	2	0	0	0
STABG	2002	3	3	0	0	0
STABG	2002	3	4	0	0	0.19
STABG	2002	3	5	0	0	0
STABG	2002	3	6	0	0	0
STABG	2002	3	7	0	0	0
STABG	2002	3	8	0	0	0.25
STABG	2002	3	9	0	0	0
STABG	2002	3	10	0	0	0
STABG	2002	3	11	0	0	0.3
STABG	2002	3	12	0	0	0.02
STABG	2002	3	13	0	0	0
STABG	2002	3	14	0	0	0
STABG	2002	3	15	0	0	0
STABG	2002	3	16	0	0	0
STABG	2002	3	17	0	0	0
STABG	2002	3	18	0	0	0
STABG	2002	3	19	0	0	0
STABG	2002	3	20	0	0	0
STABG	2002	3	21	0	0	0
STABG	2002	3	22	0	0	0
STABG	2002	3	23	0	0	0
STABG	2002	3	24	0	0	0
STABG	2002	3	25	0	0	0
STABG	2002	3	26	0	0	0
STABG	2002	3	27	0	0	0.71
STABG	2002	3	28	0	0	0
STABG	2002	3	29	0	0	0
STABG	2002	3	30	0	0	0
STABG	2002	3	31	0	0	0
STABG	2002	4	1	0	0	0
STABG	2002	4	2	0	0	0
STABG	2002	4	3	0	0	0.2
STABG	2002	4	4	0	0	0.02
STABG	2002	4	5	0	0	0.11
STABG	2002	4	6	0	0	0
STABG	2002	4	7	0	0	0
STABG	2002	4	8	0	0	0
STABG	2002	4	9	0	0	0
STABG	2002	4	10	0	0	0.01
STABG	2002	4	11	0	0	0
STABG	2002	4	12	0	0	0.07
STABG	2002	4	13	0	0	0
STABG	2002	4	14	0	0	0
STABG	2002	4	15	0	0	0.04
STABG	2002	4	16	0	0	0.5
STABG	2002	4	17	0	0	0.04
STABG	2002	4	18	0	0	0
STABG	2002	4	19	0	0	0
STABG	2002	4	20	0	0	0
STABG	2002	4	21	0	0	0
STABG	2002	4	22	0	0	0
STABG	2002	4	23	0	0	0
STABG	2002	4	24	0	0	0
STABG	2002	4	25	0	0	0
STABG	2002	4	26	0	0	0
STABG	2002	4	27	0	0	0
STABG	2002	4	28	0	0	0
STABG	2002	4	29	0	0	0
STABG	2002	4	30	0	0	0
STABG	2002	5	1	0	0	0
STABG	2002	5	2	0	0	0
STABG	2002	5	3	0	0	0
STABG	2002	5	4	0	0	0
STABG	2002	5	5	0	0	0
STABG	2002	5	6	0	0	0
STABG	2002	5	7	0	0	0
STABG	2002	5	8	0	0	0
STABG	2002	5	9	0	0	0
STABG	2002	5	10	0	0	0
STABG	2002	5	11	0	0	0
STABG	2002	5	12	0	0	0
STABG	2002	5	13	0	0	0
STABG	2002	5	14	0	0	0
STABG	2002	5	15	0	0	1.41
STABG	2002	5	16	0	0	0.02
STABG	2002	5	17	0	0	0
STABG	2002	5	18	0	0	0
STABG	2002	5	19	0	0	0.72
STABG	2002	5	20	0	0	1.22
STABG	2002	5	21	0	0	0
STABG	2002	5	22	0	0	0
STABG	2002	5	23	0	0	0
STABG	2002	5	24	0	0	0
STABG	2002	5	25	0	0	0
STABG	2002	5	26	0	0	0
STABG	2002	5	27	0	0	0.06
STABG	2002	5	28	0	0	0
STABG	2002	5	29	0	0	0
STABG	2002	5	30	0	0	0
STABG	2002	5	31	0	0	0.09
STABG	2002	6	1	0	0	0
STABG	2002	6	2	0	0	0.04
STABG	2002	6	3	0	0	0
STABG	2002	6	4	0	0	0
STABG	2002	6	5	0	0	0
STABG	2002	6	6	0	0	0
STABG	2002	6	7	0	0	0.04
STABG	2002	6	8	0	0	0.14
STABG	2002	6	9	0	0	0.18
STABG	2002	6	10	0	0	0.01
STABG	2002	6	11	0	0	0
STABG	2002	6	12	0	0	0
STABG	2002	6	13	0	0	0.37
STABG	2002	6	14	0	0	0.25
STABG	2002	6	15	0	0	0
STABG	2002	6	16	0	0	0.17
STABG	2002	6	17	0	0	0.73
STABG	2002	6	18	0	0	0
STABG	2002	6	19	0	0	0.23
STABG	2002	6	20	0	0	0.41
STABG	2002	6	21	0	0	0.86
STABG	2002	6	22	0	0	0
STABG	2002	6	23	0	0	0
STABG	2002	6	24	0	0	0
STABG	2002	6	25	0	0	0
STABG	2002	6	26	0	0	0
STABG	2002	6	27	0	0	0
STABG	2002	6	28	0	0	0
STABG	2002	6	29	0	0	0
STABG	2002	6	30	0	0	0
STABG	2002	7	1	0	0	0
STABG	2002	7	2	0	0	0
STABG	2002	7	3	0	0	0
STABG	2002	7	4	0	0	0
STABG	2002	7	5	0	0	0
STABG	2002	7	6	0	0	0
STABG	2002	7	7	0	0	0
STABG	2002	7	8	0	0	0
STABG	2002	7	9	0	0	0
STABG	2002	7	10	0	0	0
STABG	2002	7	11	0	0	0
STABG	2002	7	12	0	0	0
STABG	2002	7	13	0	0	0
STABG	2002	7	14	0	0	0
STABG	2002	7	15	0	0	0
STABG	2002	7	16	0	0	0
STABG	2002	7	17	0	0	0
STABG	2002	7	18	0	0	0
STABG	2002	7	19	0	0	0
STABG	2002	7	20	0	0	0
STABG	2002	7	21	0	0	0
STABG	2002	7	22	0	0	0
STABG	2002	7	23	0	0	0
STABG	2002	7	24	0	0	0
STABG	2002	7	25	0	0	0
STABG	2002	7	26	0	0	0
STABG	2002	7	27	0	0	0
STABG	2002	7	28	0	0	0
STABG	2002	7	29	0	0	0
STABG	2002	7	30	0	0	0
STABG	2002	7	31	0	0	0
STABG	2002	8	1	0	0	0
STABG	2002	8	2	0	0	0
STABG	2002	8	3	0	0	0
STABG	2002	8	4	0	0	0
STABG	2002	8	5	0	0	0
STABG	2002	8	6	0	0	0
STABG	2002	8	7	0	0	0
STABG	2002	8	8	0	0	0
STABG	2002	8	9	0	0	0
STABG	2002	8	10	0	0	0
STABG	2002	8	11	0	0	0
STABG	2002	8	12	0	0	0
STABG	2002	8	13	0	0	0
STABG	2002	8	14	0	0	0
STABG	2002	8	15	0	0	0
STABG	2002	8	16	0	0	0
STABG	2002	8	17	0	0	0
STABG	2002	8	18	0	0	0
STABG	2002	8	19	0	0	0
STABG	2002	8	20	0	0	0
STABG	2002	8	21	0	0	0
STABG	2002	8	22	0	0	0
STABG	2002	8	23	0	0	0
STABG	2002	8	24	0	0	0
STABG	2002	8	25	0	0	0
STABG	2002	8	26	0	0	0
STABG	2002	8	27	0	0	0
STABG	2002	8	28	0	0	0
STABG	2002	8	29	0	0	0
STABG	2002	8	30	0	0	0
STABG	2002	8	31	0	0	0
STABG	2002	9	1	0	0	0
STABG	2002	9	2	0	0	0
STABG	2002	9	3	0	0	0
STABG	2002	9	4	0	0	0
STABG	2002	9	5	0	0	0
STABG	2002	9	6	0	0	0
STABG	2002	9	7	0	0	0
STABG	2002	9	8	0	0	0
STABG	2002	9	9	0	0	0
STABG	2002	9	10	0	0	0
STABG	2002	9	11	0	0	0
STABG	2002	9	12	0	0	0
STABG	2002	9	13	0	0	0
STABG	2002	9	14	0	0	0
STABG	2002	9	15	0	0	0
STABG	2002	9	16	0	0	0
STABG	2002	9	17	0	0	0
STABG	2002	9	18	0	0	0
STABG	2002	9	19	0	0	0
STABG	2002	9	20	0	0	0
STABG	2002	9	21	0	0	0
STABG	2002	9	22	0	0	0
STABG	2002	9	23	0	0	0
STABG	2002	9	24	0	0	0
STABG	2002	9	25	0	0	0
STABG	2002	9	26	0	0	0
STABG	2002	9	27	0	0	0
STABG	2002	9	28	0	0	0
STABG	2002	9	29	0	0	0
STABG	2002	9	30	0	0	0
STABG	2002	10	1	0	0	0
STABG	2002	10	2	0	0	0
STABG	2002	10	3	0	0	0
STABG	2002	10	4	0	0	0
STABG	2002	10	5	0	0	0
STABG	2002	10	6	0	0	0
STABG	2002	10	7	0	0	0
STABG	2002	10	8	0	0	0
STABG	2002	10	9	0	0	0
STABG	2002	10	10	0	0	0
STABG	2002	10	11	0	0	0
STABG	2002	10	12	0	0	0
STABG	2002	10	13	0	0	0
STABG	2002	10	14	0	0	0
STABG	2002	10	15	0	0	0
STABG	2002	10	16	0	0	0
STABG	2002	10	17	0	0	0
STABG	2002	10	18	0	0	0
STABG	2002	10	19	0	0	0
STABG	2002	10	20	0	0	0
STABG	2002	10	21	0	0	0
STABG	2002	10	22	0	0	0
STABG	2002	10	23	0	0	0
STABG	2002	10	24	0	0	0
STABG	2002	10	25	0	0	0
STABG	2002	10	26	0	0	0
STABG	2002	10	27	0	0	0
STABG	2002	10	28	0	0	0
STABG	2002	10	29	0	0	0
STABG	2002	10	30	0	0	0
STABG	2002	10	31	0	0	0
STABG	2002	11	1	0	0	0
STABG	2002	11	2	0	0	0
STABG	2002	11	3	0	0	0
STABG	2002	11	4	0	0	0
STABG	2002	11	5	0	0	0
STABG	2002	11	6	0	0	0
STABG	2002	11	7	0	0	0
STABG	2002	11	8	0	0	0
STABG	2002	11	9	0	0	0
STABG	2002	11	10	0	0	0
STABG	2002	11	11	0	0	0
STABG	2002	11	12	0	0	0
STABG	2002	11	13	0	0	0
STABG	2002	11	14	0	0	0
STABG	2002	11	15	0	0	0
STABG	2002	11	16	0	0	0
STABG	2002	11	17	0	0	0
STABG	2002	11	18	0	0	0
STABG	2002	11	19	0	0	0
STABG	2002	11	20	0	0	0
STABG	2002	11	21	0	0	0
STABG	2002	11	22	0	0	0
STABG	2002	11	23	0	0	0
STABG	2002	11	24	0	0	0
STABG	2002	11	25	0	0	0
STABG	2002	11	26	0	0	0
STABG	2002	11	27	0	0	0
STABG	2002	11	28	0	0	0
STABG	2002	11	29	0	0	0
STABG	2002	11	30	0	0	0
STABG	2002	12	1	0	0	0
STABG	2002	12	2	0	0	0
STABG	2002	12	3	0	0	0
STABG	2002	12	4	0	0	0
STABG	2002	12	5	0	0	0
STABG	2002	12	6	0	0	0
STABG	2002	12	7	0	0	0
STABG	2002	12	8	0	0	0
STABG	2002	12	9	0	0	0
STABG	2002	12	10	0	0	0
STABG	2002	12	11	0	0	0
STABG	2002	12	12	0	0	0
STABG	2002	12	13	0	0	0
STABG	2002	12	14	0	0	0
STABG	2002	12	15	0	0	0
STABG	2002	12	16	0	0	0
STABG	2002	12	17	0	0	0
STABG	2002	12	18	0	0	0
STABG	2002	12	19	0	0	0
STABG	2002	12	20	0	0	0
STABG	2002	12	21	0	0	0
STABG	2002	12	22	0	0	0
STABG	2002	12	23	0	0	0
STABG	2002	12	24	0	0	0
STABG	2002	12	25	0	0	0
STABG	2002	12	26	0	0	0
STABG	2002	12	27	0	0	0
STABG	2002	12	28	0	0	0
STABG	2002	12	29	0	0	0
STABG	2002	12	30	0	0	0
STABG	2002	12	31	0	0	0
STABG	2003	1	1	0	0	0
STABG	2003	1	2	0	0	0
STABG	2003	1	3	0	0	0
STABG	2003	1	4	0	0	0
STABG	2003	1	5	0	0	0
STABG	2003	1	6	0	0	0
STABG	2003	1	7	0	0	0
STABG	2003	1	8	0	0	0
STABG	2003	1	9	0	0	0
STABG	2003	1	10	0	0	0
STABG	2003	1	11	0	0	0
STABG	2003	1	12	0	0	0
STABG	2003	1	13	0	0	0
STABG	2003	1	14	0	0	0
STABG	2003	1	15	0	0	0
STABG	2003	1	16	0	0	0
STABG	2003	1	17	0	0	0
STABG	2003	1	18	0	0	0
STABG	2003	1	19	0	0	0
STABG	2003	1	20	0	0	0
STABG	2003	1	21	0	0	0
STABG	2003	1	22	0	0	0
STABG	2003	1	23	0	0	0
STABG	2003	1	24	0	0	0
STABG	2003	1	25	0	0	0
STABG	2003	1	26	0	0	0
STABG	2003	1	27	0	0	0
STABG	2003	1	28	0	0	0
STABG	2003	1	29	0	0	0
STABG	2003	1	30	0	0	0
STABG	2003	1	31	0	0	0
STABG	2003	2	1	0	0	0
STABG	2003	2	2	0	0	0
STABG	2003	2	3	0	0	0
STABG	2003	2	4	0	0	0
STABG	2003	2	5	0	0	0
STABG	2003	2	6	0	0	0
STABG	2003	2	7	0	0	0
STABG	2003	2	8	0	0	0
STABG	2003	2	9	0	0	0
STABG	2003	2	10	0	0	0
STABG	2003	2	11	0	0	0
STABG	2003	2	12	0	0	0
STABG	2003	2	13	0	0	0
STABG	2003	2	14	0	0	0
STABG	2003	2	15	0	0	0
STABG	2003	2	16	0	0	0
STABG	2003	2	17	0	0	0
STABG	2003	2	18	0	0	0
STABG	2003	2	19	0	0	0
STABG	2003	2	20	0	0	0
STABG	2003	2	21	0	0	0
STABG	2003	2	22	0	0	0
STABG	2003	2	23	0	0	0
STABG	2003	2	24	0	0	0
STABG	2003	2	25	0	0	0
STABG	2003	2	26	0	0	0
STABG	2003	2	27	0	0	0
STABG	2003	2	28	0	0	0
STABG	2003	3	1	0	0	0
STABG	2003	3	2	0	0	0
STABG	2003	3	3	0	0	0
STABG	2003	3	4	0	0	0
STABG	2003	3	5	0	0	0
STABG	2003	3	6	0	0	0
STABG	2003	3	7	0	0	0
STABG	2003	3	8	0	0	0
STABG	2003	3	9	0	0	0
STABG	2003	3	10	0	0	0
STABG	2003	3	11	0	0	0
STABG	2003	3	12	0	0	0
STABG	2003	3	13	0	0	0
STABG	2003	3	14	0	0	0
STABG	2003	3	15	0	0	0
STABG	2003	3	16	0	0	0
STABG	2003	3	17	0	0	0
STABG	2003	3	18	0	0	0
STABG	2003	3	19	0	0	0
STABG	2003	3	20	0	0	0
STABG	2003	3	21	0	0	0
STABG	2003	3	22	0	0	0
STABG	2003	3	23	0	0	0
STABG	2003	3	24	0	0	0
STABG	2003	3	25	0	0	0
STABG	2003	3	26	0	0	0
STABG	2003	3	27	0	0	0
STABG	2003	3	28	0	0	0
STABG	2003	3	29	0	0	0
STABG	2003	3	30	0	0	0
STABG	2003	3	31	0	0	0
STABG	2003	4	1	0	0	0
STABG	2003	4	2	0	0	0
STABG	2003	4	3	0	0	0
STABG	2003	4	4	0	0	0
STABG	2003	4	5	0	0	0
STABG	2003	4	6	0	0	0
STABG	2003	4	7	0	0	0
STABG	2003	4	8	0	0	0
STABG	2003	4	9	0	0	0
STABG	2003	4	10	0	0	0
STABG	2003	4	11	0	0	0
STABG	2003	4	12	0	0	0
STABG	2003	4	13	0	0	0
STABG	2003	4	14	0	0	0
STABG	2003	4	15	0	0	0
STABG	2003	4	16	0	0	0
STABG	2003	4	17	0	0	0
STABG	2003	4	18	0	0	0
STABG	2003	4	19	0	0	0
STABG	2003	4	20	0	0	0
STABG	2003	4	21	0	0	0
STABG	2003	4	22	0	0	0
STABG	2003	4	23	0	0	0
STABG	2003	4	24	0	0	0
STABG	2003	4	25	0	0	0
STABG	2003	4	26	0	0	0
STABG	2003	4	27	0	0	0
STABG	2003	4	28	0	0	0
STABG	2003	4	29	0	0	0
STABG	2003	4	30	0	0	0
STABG	2003	5	1	0	0	0
STABG	2003	5	2	0	0	0
STABG	2003	5	3	0	0	0
STABG	2003	5	4	0	0	0
STABG	2003	5	5	0	0	0
STABG	2003	5	6	0	0	0
STABG	2003	5	7	0	0	0
STABG	2003	5	8	0	0	0
STABG	2003	5	9	0	0	0
STABG	2003	5	10	0	0	0
STABG	2003	5	11	0	0	0
STABG	2003	5	12	0	0	0
STABG	2003	5	13	0	0	0
STABG	2003	5	14	0	0	0
STABG	2003	5	15	0	0	0
STABG	2003	5	16	0	0	0
STABG	2003	5	17	0	0	0
STABG	2003	5	18	0	0	0
STABG	2003	5	19	0	0	0
STABG	2003	5	20	0	0	0
STABG	2003	5	21	0	0	0
STABG	2003	5	22	0	0	0
STABG	2003	5	23	0	0	0
STABG	2003	5	24	0	0	0
STABG	2003	5	25	0	0	0
STABG	2003	5	26	0	0	0
STABG	2003	5	27	0	0	0
STABG	2003	5	28	0	0	0
STABG	2003	5	29	0	0	0
STABG	2003	5	30	0	0	0
STABG	2003	5	31	0	0	0
STABG	2003	6	1	0	0	0
STABG	2003	6	2	0	0	0
STABG	2003	6	3	0	0	0
STABG	2003	6	4	0	0	0
STABG	2003	6	5	0	0	0
STABG	2003	6	6	0	0	0
STABG	2003	6	7	0	0	0
STABG	2003	6	8	0	0	0
STABG	2003	6	9	0	0	0
STABG	2003	6	10	0	0	0
STABG	2003	6	11	0	0	0
STABG	2003	6	12	0	0	0
STABG	2003	6	13	0	0	0
STABG	2003	6	14	0	0	0
STABG	2003	6	15	0	0	0
STABG	2003	6	16	0	0	0
STABG	2003	6	17	0	0	0
STABG	2003	6	18	0	0	0.1
STABG	2003	6	19	0	0	0.7
STABG	2003	6	20	0	0	0.02
STABG	2003	6	21	0	0	1.7
STABG	2003	6	22	0	0	0.85
STABG	2003	6	23	0	0	0.1
STABG	2003	6	24	0	0	0
STABG	2003	6	25	0	0	0
STABG	2003	6	26	0	0	0
STABG	2003	6	27	0	0	0
STABG	2003	6	28	0	0	0.89
STABG	2003	6	29	0	0	0.1
STABG	2003	6	30	0	0	0
STABG	2003	7	1	0	0	0
STABG	2003	7	2	0	0	0.16
STABG	2003	7	3	0	0	0.33
STABG	2003	7	4	0	0	0
STABG	2003	7	5	0	0	0.45
STABG	2003	7	6	0	0	0
STABG	2003	7	7	0	0	0
STABG	2003	7	8	0	0	0
STABG	2003	7	9	0	0	1
STABG	2003	7	10	0	0	0
STABG	2003	7	11	0	0	0
STABG	2003	7	12	0	0	0
STABG	2003	7	13	0	0	0
STABG	2003	7	14	0	0	0
STABG	2003	7	15	0	0	1
STABG	2003	7	16	0	0	1.4
STABG	2003	7	17	0	0	0
STABG	2003	7	18	0	0	0.05
STABG	2003	7	19	0	0	0
STABG	2003	7	20	0	0	2.55
STABG	2003	7	21	0	0	0
STABG	2003	7	22	0	0	0.11
STABG	2003	7	23	0	0	0.09
STABG	2003	7	24	0	0	1.7
STABG	2003	7	25	0	0	0.05
STABG	2003	7	26	0	0	0.05
STABG	2003	7	27	0	0	0.04
STABG	2003	7	28	0	0	0.04
STABG	2003	7	29	0	0	0
STABG	2003	7	30	0	0	0
STABG	2003	7	31	0	0	0.07
STABG	2003	8	1	0	0	0.03
STABG	2003	8	2	0	0	0.3
STABG	2003	8	3	0	0	0.49
STABG	2003	8	4	0	0	0.59
STABG	2003	8	5	0	0	0.18
STABG	2003	8	6	0	0	0.07
STABG	2003	8	7	0	0	0.01
STABG	2003	8	8	0	0	0.02
STABG	2003	8	9	0	0	0.44
STABG	2003	8	10	0	0	0.08
STABG	2003	8	11	0	0	1.1
STABG	2003	8	12	0	0	1.27
STABG	2003	8	13	0	0	0.33
STABG	2003	8	14	0	0	0.38
STABG	2003	8	15	0	0	0.42
STABG	2003	8	16	0	0	0.01
STABG	2003	8	17	0	0	0.1
STABG	2003	8	18	0	0	0.04
STABG	2003	8	19	0	0	0.25
STABG	2003	8	20	0	0	0.03
STABG	2003	8	21	0	0	0.7
STABG	2003	8	22	0	0	0.25
STABG	2003	8	23	0	0	0.17
STABG	2003	8	24	0	0	1.14
STABG	2003	8	25	0	0	0.01
STABG	2003	8	26	0	0	0.15
STABG	2003	8	27	0	0	0.03
STABG	2003	8	28	0	0	0.02
STABG	2003	8	29	0	0	0.1
STABG	2003	8	30	0	0	0
STABG	2003	8	31	0	0	1
STABG	2003	9	1	0	0	0
STABG	2003	9	2	0	0	0.06
STABG	2003	9	3	0	0	0.1
STABG	2003	9	4	0	0	0
STABG	2003	9	5	0	0	0.2
STABG	2003	9	6	0	0	0.06
STABG	2003	9	7	0	0	0.02
STABG	2003	9	8	0	0	0.04
STABG	2003	9	9	0	0	0.01
STABG	2003	9	10	0	0	0
STABG	2003	9	11	0	0	0
STABG	2003	9	12	0	0	0
STABG	2003	9	13	0	0	0.05
STABG	2003	9	14	0	0	0.1
STABG	2003	9	15	0	0	0
STABG	2003	9	16	0	0	0.1
STABG	2003	9	17	0	0	0.02
STABG	2003	9	18	0	0	0.02
STABG	2003	9	19	0	0	0
STABG	2003	9	20	0	0	0.01
STABG	2003	9	21	0	0	1
STABG	2003	9	22	0	0	0
STABG	2003	9	23	0	0	0
STABG	2003	9	24	0	0	0
STABG	2003	9	25	0	0	0
STABG	2003	9	26	0	0	0.44
STABG	2003	9	27	0	0	0.65
STABG	2003	9	28	0	0	1.13
STABG	2003	9	29	0	0	0.56
STABG	2003	9	30	0	0	0.7
STABG	2003	10	1	0	0	0.02
STABG	2003	10	2	0	0	0.01
STABG	2003	10	3	0	0	0.05
STABG	2003	10	4	0	0	0.7
STABG	2003	10	5	0	0	0.01
STABG	2003	10	6	0	0	0
STABG	2003	10	7	0	0	0
STABG	2003	10	8	0	0	0
STABG	2003	10	9	0	0	0
STABG	2003	10	10	0	0	0
STABG	2003	10	11	0	0	0
STABG	2003	10	12	0	0	0
STABG	2003	10	13	0	0	0.06
STABG	2003	10	14	0	0	0
STABG	2003	10	15	0	0	0.03
STABG	2003	10	16	0	0	0
STABG	2003	10	17	0	0	0
STABG	2003	10	18	0	0	0
STABG	2003	10	19	0	0	0
STABG	2003	10	20	0	0	0
STABG	2003	10	21	0	0	0
STABG	2003	10	22	0	0	0
STABG	2003	10	23	0	0	0
STABG	2003	10	24	0	0	0
STABG	2003	10	25	0	0	0
STABG	2003	10	26	0	0	0
STABG	2003	10	27	0	0	0
STABG	2003	10	28	0	0	0.01
STABG	2003	10	29	0	0	0
STABG	2003	10	30	0	0	0
STABG	2003	10	31	0	0	0
STABG	2003	11	1	0	0	0
STABG	2003	11	2	0	0	0.15
STABG	2003	11	3	0	0	0.85
STABG	2003	11	4	0	0	0.01
STABG	2003	11	5	0	0	0.5
STABG	2003	11	6	0	0	1.23
STABG	2003	11	7	0	0	0.08
STABG	2003	11	8	0	0	0
STABG	2003	11	9	0	0	0
STABG	2003	11	10	0	0	0.4
STABG	2003	11	11	0	0	0.01
STABG	2003	11	12	0	0	0
STABG	2003	11	13	0	0	0
STABG	2003	11	14	0	0	0
STABG	2003	11	15	0	0	0
STABG	2003	11	16	0	0	0
STABG	2003	11	17	0	0	0
STABG	2003	11	18	0	0	0
STABG	2003	11	19	0	0	0
STABG	2003	11	20	0	0	0.3
STABG	2003	11	21	0	0	0
STABG	2003	11	22	0	0	0
STABG	2003	11	23	0	0	0
STABG	2003	11	24	0	0	0
STABG	2003	11	25	0	0	0
STABG	2003	11	26	0	0	0
STABG	2003	11	27	0	0	0
STABG	2003	11	28	0	0	0
STABG	2003	11	29	0	0	0
STABG	2003	11	30	0	0	0
STABG	2003	12	1	0	0	0
STABG	2003	12	2	0	0	0
STABG	2003	12	3	0	0	0
STABG	2003	12	4	0	0	0
STABG	2003	12	5	0	0	0
STABG	2003	12	6	0	0	0.1
STABG	2003	12	7	0	0	0
STABG	2003	12	8	0	0	0
STABG	2003	12	9	0	0	0
STABG	2003	12	10	0	0	0
STABG	2003	12	11	0	0	0.05
STABG	2003	12	12	0	0	0
STABG	2003	12	13	0	0	0
STABG	2003	12	14	0	0	0
STABG	2003	12	15	0	0	0.95
STABG	2003	12	16	0	0	0
STABG	2003	12	17	0	0	0.55
STABG	2003	12	18	0	0	0
STABG	2003	12	19	0	0	0
STABG	2003	12	20	0	0	0
STABG	2003	12	21	0	0	0
STABG	2003	12	22	0	0	0
STABG	2003	12	23	0	0	0.04
STABG	2003	12	24	0	0	0
STABG	2003	12	25	0	0	0
STABG	2003	12	26	0	0	0
STABG	2003	12	27	0	0	0
STABG	2003	12	28	0	0	0
STABG	2003	12	29	0	0	0
STABG	2003	12	30	0	0	0
STABG	2003	12	31	0	0	0
STABG	2004	1	1	0	0	0
STABG	2004	1	2	0	0	0
STABG	2004	1	3	0	0	0
STABG	2004	1	4	0	0	0
STABG	2004	1	5	0	0	0
STABG	2004	1	6	0	0	0
STABG	2004	1	7	0	0	0
STABG	2004	1	8	0	0	0
STABG	2004	1	9	0	0	0
STABG	2004	1	10	0	0	0
STABG	2004	1	11	0	0	0
STABG	2004	1	12	0	0	0
STABG	2004	1	13	0	0	0
STABG	2004	1	14	0	0	0
STABG	2004	1	15	0	0	0
STABG	2004	1	16	0	0	0
STABG	2004	1	17	0	0	0
STABG	2004	1	18	0	0	0
STABG	2004	1	19	0	0	0.07
STABG	2004	1	20	0	0	0
STABG	2004	1	21	0	0	0.01
STABG	2004	1	22	0	0	0
STABG	2004	1	23	0	0	0
STABG	2004	1	24	0	0	0
STABG	2004	1	25	0	0	0
STABG	2004	1	26	0	0	0
STABG	2004	1	27	0	0	0
STABG	2004	1	28	0	0	0.17
STABG	2004	1	29	0	0	0
STABG	2004	1	30	0	0	0
STABG	2004	1	31	0	0	0.9
STABG	2004	2	1	0	0	0.35
STABG	2004	2	2	0	0	0.08
STABG	2004	2	3	0	0	0
STABG	2004	2	4	0	0	0
STABG	2004	2	5	0	0	0
STABG	2004	2	6	0	0	0
STABG	2004	2	7	0	0	0
STABG	2004	2	8	0	0	0
STABG	2004	2	9	0	0	0
STABG	2004	2	10	0	0	0
STABG	2004	2	11	0	0	0.01
STABG	2004	2	12	0	0	0
STABG	2004	2	13	0	0	0.01
STABG	2004	2	14	0	0	0.01
STABG	2004	2	15	0	0	0.03
STABG	2004	2	16	0	0	1
STABG	2004	2	17	0	0	0
STABG	2004	2	18	0	0	0
STABG	2004	2	19	0	0	0
STABG	2004	2	20	0	0	0
STABG	2004	2	21	0	0	0
STABG	2004	2	22	0	0	0
STABG	2004	2	23	0	0	0
STABG	2004	2	24	0	0	0
STABG	2004	2	25	0	0	0
STABG	2004	2	26	0	0	0
STABG	2004	2	27	0	0	0
STABG	2004	2	28	0	0	0
STABG	2004	2	29	0	0	0
STABG	2004	3	1	0	0	0
STABG	2004	3	2	0	0	0
STABG	2004	3	3	0	0	0
STABG	2004	3	4	0	0	0
STABG	2004	3	5	0	0	0
STABG	2004	3	6	0	0	0
STABG	2004	3	7	0	0	0
STABG	2004	3	8	0	0	0
STABG	2004	3	9	0	0	0
STABG	2004	3	10	0	0	0
STABG	2004	3	11	0	0	0
STABG	2004	3	12	0	0	0
STABG	2004	3	13	0	0	0
STABG	2004	3	14	0	0	0
STABG	2004	3	15	0	0	0
STABG	2004	3	16	0	0	0
STABG	2004	3	17	0	0	0
STABG	2004	3	18	0	0	0
STABG	2004	3	19	0	0	0
STABG	2004	3	20	0	0	0
STABG	2004	3	21	0	0	0
STABG	2004	3	22	0	0	0
STABG	2004	3	23	0	0	0
STABG	2004	3	24	0	0	0
STABG	2004	3	25	0	0	0
STABG	2004	3	26	0	0	0
STABG	2004	3	27	0	0	0
STABG	2004	3	28	0	0	0
STABG	2004	3	29	0	0	0
STABG	2004	3	30	0	0	0
STABG	2004	3	31	0	0	0
STABG	2004	4	1	0	0	0
STABG	2004	4	2	0	0	0
STABG	2004	4	3	0	0	0
STABG	2004	4	4	0	0	0
STABG	2004	4	5	0	0	0
STABG	2004	4	6	0	0	0
STABG	2004	4	7	0	0	0
STABG	2004	4	8	0	0	0
STABG	2004	4	9	0	0	0
STABG	2004	4	10	0	0	0
STABG	2004	4	11	0	0	0
STABG	2004	4	12	0	0	0
STABG	2004	4	13	0	0	0
STABG	2004	4	14	0	0	0
STABG	2004	4	15	0	0	0
STABG	2004	4	16	0	0	0
STABG	2004	4	17	0	0	0
STABG	2004	4	18	0	0	0
STABG	2004	4	19	0	0	0
STABG	2004	4	20	0	0	0
STABG	2004	4	21	0	0	0
STABG	2004	4	22	0	0	0
STABG	2004	4	23	0	0	0
STABG	2004	4	24	0	0	0
STABG	2004	4	25	0	0	0
STABG	2004	4	26	0	0	0
STABG	2004	4	27	0	0	0
STABG	2004	4	28	0	0	0
STABG	2004	4	29	0	0	0
STABG	2004	4	30	0	0	0
STABG	2004	5	1	0	0	0
STABG	2004	5	2	0	0	0
STABG	2004	5	3	0	0	0
STABG	2004	5	4	0	0	0
STABG	2004	5	5	0	0	0
STABG	2004	5	6	0	0	0
STABG	2004	5	7	0	0	0
STABG	2004	5	8	0	0	0
STABG	2004	5	9	0	0	0
STABG	2004	5	10	0	0	0
STABG	2004	5	11	0	0	0
STABG	2004	5	12	0	0	0
STABG	2004	5	13	0	0	0
STABG	2004	5	14	0	0	0
STABG	2004	5	15	0	0	0
STABG	2004	5	16	0	0	0
STABG	2004	5	17	0	0	0
STABG	2004	5	18	0	0	0
STABG	2004	5	19	0	0	0
STABG	2004	5	20	0	0	0
STABG	2004	5	21	0	0	0
STABG	2004	5	22	0	0	0
STABG	2004	5	23	0	0	0
STABG	2004	5	24	0	0	0
STABG	2004	5	25	0	0	0
STABG	2004	5	26	0	0	0
STABG	2004	5	27	0	0	0
STABG	2004	5	28	0	0	0
STABG	2004	5	29	0	0	0
STABG	2004	5	30	0	0	0
STABG	2004	5	31	0	0	0
STABG	2004	6	1	0	0	0
STABG	2004	6	2	0	0	0
STABG	2004	6	3	0	0	0
STABG	2004	6	4	0	0	0
STABG	2004	6	5	0	0	0
STABG	2004	6	6	0	0	0
STABG	2004	6	7	0	0	0
STABG	2004	6	8	0	0	0
STABG	2004	6	9	0	0	0
STABG	2004	6	10	0	0	0
STABG	2004	6	11	0	0	0
STABG	2004	6	12	0	0	0
STABG	2004	6	13	0	0	0
STABG	2004	6	14	0	0	0
STABG	2004	6	15	0	0	0
STABG	2004	6	16	0	0	0
STABG	2004	6	17	0	0	0
STABG	2004	6	18	0	0	0
STABG	2004	6	19	0	0	0
STABG	2004	6	20	0	0	0
STABG	2004	6	21	0	0	0
STABG	2004	6	22	0	0	0
STABG	2004	6	23	0	0	0
STABG	2004	6	24	0	0	0
STABG	2004	6	25	0	0	0
STABG	2004	6	26	0	0	0
STABG	2004	6	27	0	0	0
STABG	2004	6	28	0	0	0
STABG	2004	6	29	0	0	0
STABG	2004	6	30	0	0	0
STABG	2004	7	1	0	0	0
STABG	2004	7	2	0	0	0
STABG	2004	7	3	0	0	0
STABG	2004	7	4	0	0	0
STABG	2004	7	5	0	0	0
STABG	2004	7	6	0	0	0
STABG	2004	7	7	0	0	0
STABG	2004	7	8	0	0	0
STABG	2004	7	9	0	0	0
STABG	2004	7	10	0	0	0
STABG	2004	7	11	0	0	0
STABG	2004	7	12	0	0	0
STABG	2004	7	13	0	0	0
STABG	2004	7	14	0	0	0
STABG	2004	7	15	0	0	0
STABG	2004	7	16	0	0	0
STABG	2004	7	17	0	0	0
STABG	2004	7	18	0	0	0
STABG	2004	7	19	0	0	0
STABG	2004	7	20	0	0	0
STABG	2004	7	21	0	0	0
STABG	2004	7	22	0	0	0
STABG	2004	7	23	0	0	0
STABG	2004	7	24	0	0	0
STABG	2004	7	25	0	0	0
STABG	2004	7	26	0	0	0
STABG	2004	7	27	0	0	0
STABG	2004	7	28	0	0	0
STABG	2004	7	29	0	0	0
STABG	2004	7	30	0	0	0
STABG	2004	7	31	0	0	0
STABG	2004	8	1	0	0	0
STABG	2004	8	2	0	0	0
STABG	2004	8	3	0	0	0
STABG	2004	8	4	0	0	0
STABG	2004	8	5	0	0	0
STABG	2004	8	6	0	0	0
STABG	2004	8	7	0	0	0
STABG	2004	8	8	0	0	0
STABG	2004	8	9	0	0	0
STABG	2004	8	10	0	0	0
STABG	2004	8	11	0	0	0
STABG	2004	8	12	0	0	0
STABG	2004	8	13	0	0	0
STABG	2004	8	14	0	0	0
STABG	2004	8	15	0	0	0
STABG	2004	8	16	0	0	0
STABG	2004	8	17	0	0	0
STABG	2004	8	18	0	0	0
STABG	2004	8	19	0	0	0
STABG	2004	8	20	0	0	0
STABG	2004	8	21	0	0	0
STABG	2004	8	22	0	0	0
STABG	2004	8	23	0	0	0
STABG	2004	8	24	0	0	0
STABG	2004	8	25	0	0	0
STABG	2004	8	26	0	0	0
STABG	2004	8	27	0	0	0
STABG	2004	8	28	0	0	0
STABG	2004	8	29	0	0	0
STABG	2004	8	30	0	0	0
STABG	2004	8	31	0	0	0
STABG	2004	9	1	0	0	0
STABG	2004	9	2	0	0	0
STABG	2004	9	3	0	0	0
STABG	2004	9	4	0	0	0
STABG	2004	9	5	0	0	0
STABG	2004	9	6	0	0	0
STABG	2004	9	7	0	0	0
STABG	2004	9	8	0	0	0
STABG	2004	9	9	0	0	0
STABG	2004	9	10	0	0	0
STABG	2004	9	11	0	0	0
STABG	2004	9	12	0	0	0
STABG	2004	9	13	0	0	0
STABG	2004	9	14	0	0	0
STABG	2004	9	15	0	0	0
STABG	2004	9	16	0	0	0
STABG	2004	9	17	0	0	0
STABG	2004	9	18	0	0	0
STABG	2004	9	19	0	0	0
STABG	2004	9	20	0	0	0
STABG	2004	9	21	0	0	0
STABG	2004	9	22	0	0	0
STABG	2004	9	23	0	0	0
STABG	2004	9	24	0	0	0
STABG	2004	9	25	0	0	0
STABG	2004	9	26	0	0	0
STABG	2004	9	27	0	0	0
STABG	2004	9	28	0	0	0
STABG	2004	9	29	0	0	0
STABG	2004	9	30	0	0	0
STABG	2004	10	1	0	0	0
STABG	2004	10	2	0	0	0
STABG	2004	10	3	0	0	0
STABG	2004	10	4	0	0	0
STABG	2004	10	5	0	0	0
STABG	2004	10	6	0	0	0
STABG	2004	10	7	0	0	0
STABG	2004	10	8	0	0	0
STABG	2004	10	9	0	0	0
STABG	2004	10	10	0	0	0
STABG	2004	10	11	0	0	0
STABG	2004	10	12	0	0	0
STABG	2004	10	13	0	0	0
STABG	2004	10	14	0	0	0
STABG	2004	10	15	0	0	0
STABG	2004	10	16	0	0	0
STABG	2004	10	17	0	0	0
STABG	2004	10	18	0	0	0
STABG	2004	10	19	0	0	0
STABG	2004	10	20	0	0	0
STABG	2004	10	21	0	0	0
STABG	2004	10	22	0	0	0
STABG	2004	10	23	0	0	0
STABG	2004	10	24	0	0	0
STABG	2004	10	25	0	0	0
STABG	2004	10	26	0	0	0
STABG	2004	10	27	0	0	0
STABG	2004	10	28	0	0	0
STABG	2004	10	29	0	0	0
STABG	2004	10	30	0	0	0
STABG	2004	10	31	0	0	0
STABG	2004	11	1	0	0	0
STABG	2004	11	2	0	0	0
STABG	2004	11	3	0	0	0
STABG	2004	11	4	0	0	0
STABG	2004	11	5	0	0	0
STABG	2004	11	6	0	0	0
STABG	2004	11	7	0	0	0
STABG	2004	11	8	0	0	0
STABG	2004	11	9	0	0	0
STABG	2004	11	10	0	0	0
STABG	2004	11	11	0	0	0
STABG	2004	11	12	0	0	0
STABG	2004	11	13	0	0	0
STABG	2004	11	14	0	0	0
STABG	2004	11	15	0	0	0
STABG	2004	11	16	0	0	0
STABG	2004	11	17	0	0	0
STABG	2004	11	18	0	0	0
STABG	2004	11	19	0	0	0
STABG	2004	11	20	0	0	0
STABG	2004	11	21	0	0	0
STABG	2004	11	22	0	0	0
STABG	2004	11	23	0	0	0
STABG	2004	11	24	0	0	0
STABG	2004	11	25	0	0	0
STABG	2004	11	26	0	0	0
STABG	2004	11	27	0	0	0
STABG	2004	11	28	0	0	0
STABG	2004	11	29	0	0	0
STABG	2004	11	30	0	0	0
STABG	2004	12	1	0	0	0
STABG	2004	12	2	0	0	0
STABG	2004	12	3	0	0	0
STABG	2004	12	4	0	0	0
STABG	2004	12	5	0	0	0
STABG	2004	12	6	0	0	0
STABG	2004	12	7	0	0	0
STABG	2004	12	8	0	0	0
STABG	2004	12	9	0	0	0
STABG	2004	12	10	0	0	0
STABG	2004	12	11	0	0	0
STABG	2004	12	12	0	0	0
STABG	2004	12	13	0	0	0
STABG	2004	12	14	0	0	0
STABG	2004	12	15	0	0	0
STABG	2004	12	16	0	0	0
STABG	2004	12	17	0	0	0
STABG	2004	12	18	0	0	0
STABG	2004	12	19	0	0	0
STABG	2004	12	20	0	0	0
STABG	2004	12	21	0	0	0
STABG	2004	12	22	0	0	0
STABG	2004	12	23	0	0	0
STABG	2004	12	24	0	0	0
STABG	2004	12	25	0	0	0
STABG	2004	12	26	0	0	0
STABG	2004	12	27	0	0	0
STABG	2004	12	28	0	0	0
STABG	2004	12	29	0	0	0
STABG	2004	12	30	0	0	0
STABG	2004	12	31	0	0	0
STABG	2005	1	1	0	0	0
STABG	2005	1	2	0	0	0
STABG	2005	1	3	0	0	0
STABG	2005	1	4	0	0	0
STABG	2005	1	5	0	0	0
STABG	2005	1	6	0	0	0
STABG	2005	1	7	0	0	0
STABG	2005	1	8	0	0	0
STABG	2005	1	9	0	0	0
STABG	2005	1	10	0	0	0
STABG	2005	1	11	0	0	0
STABG	2005	1	12	0	0	0
STABG	2005	1	13	0	0	0
STABG	2005	1	14	0	0	0
STABG	2005	1	15	0	0	0
STABG	2005	1	16	0	0	0
STABG	2005	1	17	0	0	0
STABG	2005	1	18	0	0	0
STABG	2005	1	19	0	0	0
STABG	2005	1	20	0	0	0
STABG	2005	1	21	0	0	0
STABG	2005	1	22	0	0	0
STABG	2005	1	23	0	0	0
STABG	2005	1	24	0	0	0
STABG	2005	1	25	0	0	0
STABG	2005	1	26	0	0	0
STABG	2005	1	27	0	0	0
STABG	2005	1	28	0	0	0
STABG	2005	1	29	0	0	0
STABG	2005	1	30	0	0	0
STABG	2005	1	31	0	0	0
STABG	2005	2	1	0	0	0
STABG	2005	2	2	0	0	0
STABG	2005	2	3	0	0	0
STABG	2005	2	4	0	0	0
STABG	2005	2	5	0	0	0
STABG	2005	2	6	0	0	0
STABG	2005	2	7	0	0	0
STABG	2005	2	8	0	0	0
STABG	2005	2	9	0	0	0
STABG	2005	2	10	0	0	0
STABG	2005	2	11	0	0	0
STABG	2005	2	12	0	0	0
STABG	2005	2	13	0	0	0
STABG	2005	2	14	0	0	0
STABG	2005	2	15	0	0	0
STABG	2005	2	16	0	0	0
STABG	2005	2	17	0	0	0
STABG	2005	2	18	0	0	0
STABG	2005	2	19	0	0	0
STABG	2005	2	20	0	0	0
STABG	2005	2	21	0	0	0
STABG	2005	2	22	0	0	0
STABG	2005	2	23	0	0	0
STABG	2005	2	24	0	0	0
STABG	2005	2	25	0	0	0
STABG	2005	2	26	0	0	0
STABG	2005	2	27	0	0	0
STABG	2005	2	28	0	0	0
STABG	2005	3	1	0	0	0
STABG	2005	3	2	0	0	0
STABG	2005	3	3	0	0	0
STABG	2005	3	4	0	0	0
STABG	2005	3	5	0	0	0
STABG	2005	3	6	0	0	0
STABG	2005	3	7	0	0	0
STABG	2005	3	8	0	0	0
STABG	2005	3	9	0	0	0
STABG	2005	3	10	0	0	0
STABG	2005	3	11	0	0	0
STABG	2005	3	12	0	0	0
STABG	2005	3	13	0	0	0
STABG	2005	3	14	0	0	0
STABG	2005	3	15	0	0	0
STABG	2005	3	16	0	0	0
STABG	2005	3	17	0	0	0
STABG	2005	3	18	0	0	0
STABG	2005	3	19	0	0	0
STABG	2005	3	20	0	0	0
STABG	2005	3	21	0	0	0
STABG	2005	3	22	0	0	0
STABG	2005	3	23	0	0	0
STABG	2005	3	24	0	0	0
STABG	2005	3	25	0	0	0
STABG	2005	3	26	0	0	0
STABG	2005	3	27	0	0	0
STABG	2005	3	28	0	0	0
STABG	2005	3	29	0	0	0
STABG	2005	3	30	0	0	0
STABG	2005	3	31	0	0	0
STABG	2005	4	1	0	0	0
STABG	2005	4	2	0	0	0
STABG	2005	4	3	0	0	0.01
STABG	2005	4	4	0	0	0
STABG	2005	4	5	0	0	0
STABG	2005	4	6	0	0	0
STABG	2005	4	7	0	0	0
STABG	2005	4	8	0	0	0.7
STABG	2005	4	9	0	0	0
STABG	2005	4	10	0	0	0
STABG	2005	4	11	0	0	0
STABG	2005	4	12	0	0	0
STABG	2005	4	13	0	0	0
STABG	2005	4	14	0	0	0.2
STABG	2005	4	15	0	0	0
STABG	2005	4	16	0	0	0
STABG	2005	4	17	0	0	0
STABG	2005	4	18	0	0	0
STABG	2005	4	19	0	0	0
STABG	2005	4	20	0	0	0
STABG	2005	4	21	0	0	0
STABG	2005	4	22	0	0	0
STABG	2005	4	23	0	0	0.06
STABG	2005	4	24	0	0	0
STABG	2005	4	25	0	0	0
STABG	2005	4	26	0	0	0
STABG	2005	4	27	0	0	0
STABG	2005	4	28	0	0	0
STABG	2005	4	29	0	0	0
STABG	2005	4	30	0	0	0
STABG	2005	5	1	0	0	0
STABG	2005	5	2	0	0	0
STABG	2005	5	3	0	0	0
STABG	2005	5	4	0	0	0.45
STABG	2005	5	5	0	0	1
STABG	2005	5	6	0	0	0
STABG	2005	5	7	0	0	0
STABG	2005	5	8	0	0	0
STABG	2005	5	9	0	0	0
STABG	2005	5	10	0	0	0
STABG	2005	5	11	0	0	0
STABG	2005	5	12	0	0	0
STABG	2005	5	13	0	0	0
STABG	2005	5	14	0	0	0
STABG	2005	5	15	0	0	0
STABG	2005	5	16	0	0	0
STABG	2005	5	17	0	0	0
STABG	2005	5	18	0	0	0
STABG	2005	5	19	0	0	0
STABG	2005	5	20	0	0	0
STABG	2005	5	21	0	0	0
STABG	2005	5	22	0	0	0
STABG	2005	5	23	0	0	0
STABG	2005	5	24	0	0	0
STABG	2005	5	25	0	0	0
STABG	2005	5	26	0	0	0
STABG	2005	5	27	0	0	1
STABG	2005	5	28	0	0	0
STABG	2005	5	29	0	0	0
STABG	2005	5	30	0	0	0
STABG	2005	5	31	0	0	0.2
STABG	2005	6	1	0	0	0.8
STABG	2005	6	2	0	0	0
STABG	2005	6	3	0	0	1.43
STABG	2005	6	4	0	0	1.1
STABG	2005	6	5	0	0	0.2
STABG	2005	6	6	0	0	0.46
STABG	2005	6	7	0	0	1.5
STABG	2005	6	8	0	0	0.01
STABG	2005	6	9	0	0	0
STABG	2005	6	10	0	0	0.01
STABG	2005	6	11	0	0	0
STABG	2005	6	12	0	0	0.05
STABG	2005	6	13	0	0	0.1
STABG	2005	6	14	0	0	0
STABG	2005	6	15	0	0	0
STABG	2005	6	16	0	0	0
STABG	2005	6	17	0	0	0.96
STABG	2005	6	18	0	0	0
STABG	2005	6	19	0	0	0.06
STABG	2005	6	20	0	0	0
STABG	2005	6	21	0	0	0.2
STABG	2005	6	22	0	0	0
STABG	2005	6	23	0	0	0.4
STABG	2005	6	24	0	0	0.17
STABG	2005	6	25	0	0	0
STABG	2005	6	26	0	0	0
STABG	2005	6	27	0	0	0.6
STABG	2005	6	28	0	0	2.1
STABG	2005	6	29	0	0	0.55
STABG	2005	6	30	0	0	0.14
STABG	2005	7	1	0	0	0.29
STABG	2005	7	2	0	0	0.5
STABG	2005	7	3	0	0	0
STABG	2005	7	4	0	0	0
STABG	2005	7	5	0	0	0.01
STABG	2005	7	6	0	0	0
STABG	2005	7	7	0	0	0
STABG	2005	7	8	0	0	0
STABG	2005	7	9	0	0	1.4
STABG	2005	7	10	0	0	0.15
STABG	2005	7	11	0	0	0.64
STABG	2005	7	12	0	0	0.01
STABG	2005	7	13	0	0	0.85
STABG	2005	7	14	0	0	0
STABG	2005	7	15	0	0	0
STABG	2005	7	16	0	0	0.15
STABG	2005	7	17	0	0	0.7
STABG	2005	7	18	0	0	0.05
STABG	2005	7	19	0	0	0
STABG	2005	7	20	0	0	0
STABG	2005	7	21	0	0	0
STABG	2005	7	22	0	0	0
STABG	2005	7	23	0	0	0
STABG	2005	7	24	0	0	0
STABG	2005	7	25	0	0	0
STABG	2005	7	26	0	0	0
STABG	2005	7	27	0	0	0
STABG	2005	7	28	0	0	0.02
STABG	2005	7	29	0	0	0.32
STABG	2005	7	30	0	0	0.01
STABG	2005	7	31	0	0	0
STABG	2005	8	1	0	0	1
STABG	2005	8	2	0	0	0.45
STABG	2005	8	3	0	0	0
STABG	2005	8	4	0	0	1
STABG	2005	8	5	0	0	1.1
STABG	2005	8	6	0	0	0.02
STABG	2005	8	7	0	0	0
STABG	2005	8	8	0	0	0.28
STABG	2005	8	9	0	0	0
STABG	2005	8	10	0	0	0.24
STABG	2005	8	11	0	0	0
STABG	2005	8	12	0	0	0
STABG	2005	8	13	0	0	0
STABG	2005	8	14	0	0	0
STABG	2005	8	15	0	0	0.01
STABG	2005	8	16	0	0	0
STABG	2005	8	17	0	0	0
STABG	2005	8	18	0	0	0.4
STABG	2005	8	19	0	0	0
STABG	2005	8	20	0	0	0
STABG	2005	8	21	0	0	0
STABG	2005	8	22	0	0	0.34
STABG	2005	8	23	0	0	0
STABG	2005	8	24	0	0	0
STABG	2005	8	25	0	0	0.18
STABG	2005	8	26	0	0	0
STABG	2005	8	27	0	0	0.3
STABG	2005	8	28	0	0	0
STABG	2005	8	29	0	0	0.2
STABG	2005	8	30	0	0	0
STABG	2005	8	31	0	0	0
STABG	2005	9	1	0	0	0.6
STABG	2005	9	2	0	0	0.47
STABG	2005	9	3	0	0	0.33
STABG	2005	9	4	0	0	0
STABG	2005	9	5	0	0	0.36
STABG	2005	9	6	0	0	0
STABG	2005	9	7	0	0	0.33
STABG	2005	9	8	0	0	0.13
STABG	2005	9	9	0	0	0
STABG	2005	9	10	0	0	0
STABG	2005	9	11	0	0	0
STABG	2005	9	12	0	0	0
STABG	2005	9	13	0	0	0
STABG	2005	9	14	0	0	0
STABG	2005	9	15	0	0	0
STABG	2005	9	16	0	0	0
STABG	2005	9	17	0	0	0
STABG	2005	9	18	0	0	0
STABG	2005	9	19	0	0	1.6
STABG	2005	9	20	0	0	0.4
STABG	2005	9	21	0	0	0.65
STABG	2005	9	22	0	0	0.1
STABG	2005	9	23	0	0	0.03
STABG	2005	9	24	0	0	0
STABG	2005	9	25	0	0	0
STABG	2005	9	26	0	0	0
STABG	2005	9	27	0	0	0.9
STABG	2005	9	28	0	0	0.15
STABG	2005	9	29	0	0	0.7
STABG	2005	9	30	0	0	0
STABG	2005	10	1	0	0	0
STABG	2005	10	2	0	0	0.14
STABG	2005	10	3	0	0	0.5
STABG	2005	10	4	0	0	0.05
STABG	2005	10	5	0	0	1.8
STABG	2005	10	6	0	0	0.1
STABG	2005	10	7	0	0	0.15
STABG	2005	10	8	0	0	0.13
STABG	2005	10	9	0	0	0.01
STABG	2005	10	10	0	0	0
STABG	2005	10	11	0	0	0.2
STABG	2005	10	12	0	0	0.98
STABG	2005	10	13	0	0	0
STABG	2005	10	14	0	0	0
STABG	2005	10	15	0	0	0.03
STABG	2005	10	16	0	0	0
STABG	2005	10	17	0	0	0
STABG	2005	10	18	0	0	0
STABG	2005	10	19	0	0	0
STABG	2005	10	20	0	0	1.4
STABG	2005	10	21	0	0	0
STABG	2005	10	22	0	0	0.1
STABG	2005	10	23	0	0	0
STABG	2005	10	24	0	0	0
STABG	2005	10	25	0	0	0
STABG	2005	10	26	0	0	0
STABG	2005	10	27	0	0	0
STABG	2005	10	28	0	0	0
STABG	2005	10	29	0	0	0
STABG	2005	10	30	0	0	0
STABG	2005	10	31	0	0	0
STABG	2005	11	1	0	0	0
STABG	2005	11	2	0	0	0
STABG	2005	11	3	0	0	0
STABG	2005	11	4	0	0	0
STABG	2005	11	5	0	0	0
STABG	2005	11	6	0	0	0
STABG	2005	11	7	0	0	0
STABG	2005	11	8	0	0	0
STABG	2005	11	9	0	0	0
STABG	2005	11	10	0	0	0
STABG	2005	11	11	0	0	0
STABG	2005	11	12	0	0	0
STABG	2005	11	13	0	0	0
STABG	2005	11	14	0	0	0
STABG	2005	11	15	0	0	0
STABG	2005	11	16	0	0	0
STABG	2005	11	17	0	0	0
STABG	2005	11	18	0	0	0
STABG	2005	11	19	0	0	0
STABG	2005	11	20	0	0	0
STABG	2005	11	21	0	0	0
STABG	2005	11	22	0	0	0
STABG	2005	11	23	0	0	0
STABG	2005	11	24	0	0	0
STABG	2005	11	25	0	0	0
STABG	2005	11	26	0	0	0
STABG	2005	11	27	0	0	0
STABG	2005	11	28	0	0	0
STABG	2005	11	29	0	0	0
STABG	2005	11	30	0	0	0
STABG	2005	12	1	0	0	0
STABG	2005	12	2	0	0	0
STABG	2005	12	3	0	0	0
STABG	2005	12	4	0	0	0
STABG	2005	12	5	0	0	0
STABG	2005	12	6	0	0	0
STABG	2005	12	7	0	0	0
STABG	2005	12	8	0	0	0
STABG	2005	12	9	0	0	0
STABG	2005	12	10	0	0	0
STABG	2005	12	11	0	0	0
STABG	2005	12	12	0	0	0
STABG	2005	12	13	0	0	0
STABG	2005	12	14	0	0	0
STABG	2005	12	15	0	0	0
STABG	2005	12	16	0	0	0
STABG	2005	12	17	0	0	0
STABG	2005	12	18	0	0	0
STABG	2005	12	19	0	0	0
STABG	2005	12	20	0	0	0
STABG	2005	12	21	0	0	0
STABG	2005	12	22	0	0	0
STABG	2005	12	23	0	0	0
STABG	2005	12	24	0	0	0
STABG	2005	12	25	0	0	0
STABG	2005	12	26	0	0	0
STABG	2005	12	27	0	0	0
STABG	2005	12	28	0	0	0
STABG	2005	12	29	0	0	0
STABG	2005	12	30	0	0	0
STABG	2005	12	31	0	0	0
STABG	2006	1	1	0	0	0
STABG	2006	1	2	0	0	0
STABG	2006	1	3	0	0	0
STABG	2006	1	4	0	0	0
STABG	2006	1	5	0	0	0
STABG	2006	1	6	0	0	0
STABG	2006	1	7	0	0	0
STABG	2006	1	8	0	0	0
STABG	2006	1	9	0	0	0
STABG	2006	1	10	0	0	0
STABG	2006	1	11	0	0	0
STABG	2006	1	12	0	0	0
STABG	2006	1	13	0	0	0
STABG	2006	1	14	0	0	0
STABG	2006	1	15	0	0	0
STABG	2006	1	16	0	0	0
STABG	2006	1	17	0	0	0
STABG	2006	1	18	0	0	0
STABG	2006	1	19	0	0	0
STABG	2006	1	20	0	0	0
STABG	2006	1	21	0	0	0
STABG	2006	1	22	0	0	0
STABG	2006	1	23	0	0	0
STABG	2006	1	24	0	0	0
STABG	2006	1	25	0	0	0
STABG	2006	1	26	0	0	0
STABG	2006	1	27	0	0	0
STABG	2006	1	28	0	0	0
STABG	2006	1	29	0	0	0
STABG	2006	1	30	0	0	0
STABG	2006	1	31	0	0	0
STABG	2006	2	1	0	0	0
STABG	2006	2	2	0	0	0
STABG	2006	2	3	0	0	0
STABG	2006	2	4	0	0	0
STABG	2006	2	5	0	0	0
STABG	2006	2	6	0	0	0
STABG	2006	2	7	0	0	0
STABG	2006	2	8	0	0	0
STABG	2006	2	9	0	0	0
STABG	2006	2	10	0	0	0
STABG	2006	2	11	0	0	0
STABG	2006	2	12	0	0	0
STABG	2006	2	13	0	0	0
STABG	2006	2	14	0	0	0
STABG	2006	2	15	0	0	0
STABG	2006	2	16	0	0	0
STABG	2006	2	17	0	0	0
STABG	2006	2	18	0	0	0
STABG	2006	2	19	0	0	0
STABG	2006	2	20	0	0	0
STABG	2006	2	21	0	0	0
STABG	2006	2	22	0	0	0
STABG	2006	2	23	0	0	0
STABG	2006	2	24	0	0	0
STABG	2006	2	25	0	0	0
STABG	2006	2	26	0	0	0
STABG	2006	2	27	0	0	0
STABG	2006	2	28	0	0	0
STABG	2006	3	1	0	0	0
STABG	2006	3	2	0	0	0
STABG	2006	3	3	0	0	0
STABG	2006	3	4	0	0	0
STABG	2006	3	5	0	0	0
STABG	2006	3	6	0	0	0
STABG	2006	3	7	0	0	0
STABG	2006	3	8	0	0	0
STABG	2006	3	9	0	0	0
STABG	2006	3	10	0	0	0
STABG	2006	3	11	0	0	0
STABG	2006	3	12	0	0	0
STABG	2006	3	13	0	0	0
STABG	2006	3	14	0	0	0
STABG	2006	3	15	0	0	0
STABG	2006	3	16	0	0	0
STABG	2006	3	17	0	0	0
STABG	2006	3	18	0	0	0
STABG	2006	3	19	0	0	0
STABG	2006	3	20	0	0	0
STABG	2006	3	21	0	0	0
STABG	2006	3	22	0	0	0
STABG	2006	3	23	0	0	0
STABG	2006	3	24	0	0	0
STABG	2006	3	25	0	0	0
STABG	2006	3	26	0	0	0
STABG	2006	3	27	0	0	0
STABG	2006	3	28	0	0	0
STABG	2006	3	29	0	0	0
STABG	2006	3	30	0	0	0
STABG	2006	3	31	0	0	0
STABG	2006	4	1	0	0	0
STABG	2006	4	2	0	0	0
STABG	2006	4	3	0	0	0
STABG	2006	4	4	0	0	0
STABG	2006	4	5	0	0	0
STABG	2006	4	6	0	0	0
STABG	2006	4	7	0	0	0
STABG	2006	4	8	0	0	0
STABG	2006	4	9	0	0	0
STABG	2006	4	10	0	0	0
STABG	2006	4	11	0	0	0
STABG	2006	4	12	0	0	0
STABG	2006	4	13	0	0	0
STABG	2006	4	14	0	0	0
STABG	2006	4	15	0	0	0
STABG	2006	4	16	0	0	0
STABG	2006	4	17	0	0	0
STABG	2006	4	18	0	0	0
STABG	2006	4	19	0	0	0
STABG	2006	4	20	0	0	0
STABG	2006	4	21	0	0	0
STABG	2006	4	22	0	0	0
STABG	2006	4	23	0	0	0
STABG	2006	4	24	0	0	0
STABG	2006	4	25	0	0	0
STABG	2006	4	26	0	0	0
STABG	2006	4	27	0	0	0
STABG	2006	4	28	0	0	0
STABG	2006	4	29	0	0	0
STABG	2006	4	30	0	0	0
STABG	2006	5	1	0	0	0
STABG	2006	5	2	0	0	0
STABG	2006	5	3	0	0	0
STABG	2006	5	4	0	0	0
STABG	2006	5	5	0	0	0
STABG	2006	5	6	0	0	0
STABG	2006	5	7	0	0	0
