VN1                       2015              7             25   96.62   62.78
VN1                       2015              7             26   91.76   66.92
VN1                       2015              7             27   90.86   67.46
VN1                       2015              7             28   98.78      68
VN1                       2015              7             29   98.42   71.96
VN1                       2015              7             30   90.32   72.14
VN1                       2015              7             31   91.76   65.12
VN1                       2015              8              1   89.78   64.76
VN1                       2015              8              2   91.04    62.6
VN1                       2015              8              3   93.56   63.86
VN1                       2015              8              4   91.76   67.28
VN1                       2015              8              5   90.14   66.02
VN1                       2015              8              6   87.98   59.36
VN1                       2015              8              7   88.52   62.42
VN1                       2015              8              8   86.72    60.8
VN1                       2015              8              9      86    62.6
VN1                       2015              8             10   80.06   61.88
VN1                       2015              8             11      86   66.92
VN1                       2015              8             12      86   62.06
VN1                       2015              8             13   86.54   58.82
VN1                       2015              8             14   91.58    58.1
VN1                       2015              8             15   94.28   62.42
VN1                       2015              8             16   96.62   64.76
VN1                       2015              8             17   97.34    68.9
VN1                       2015              8             18   95.54   68.54
VN1                       2015              8             19   95.18   71.96
VN1                       2015              8             20   88.16   72.86
VN1                       2015              8             21    88.7   68.54
VN1                       2015              8             22      86   61.52
VN1                       2015              8             23   87.62      59
VN1                       2015              8             24    90.5   59.36
VN1                       2015              8             25   89.96   64.76
VN1                       2015              8             26   83.84   61.52
VN1                       2015              8             27    81.5   56.84
VN1                       2015              8             28   85.28   55.58
VN1                       2015              8             29   88.52   56.66
VN1                       2015              8             30   93.02   62.06
VN1                       2015              8             31   92.12   73.04
VN1                       2015              9              1   94.64   66.56
VN1                       2015              9              2      95    66.2
VN1                       2015              9              3   95.18   67.82
VN1                       2015              9              4    87.8    68.9
VN1                       2015              9              5   86.72   59.72
VN1                       2015              9              6   90.86   55.76
VN1                       2015              9              7   93.74   62.24
VN1                       2015              9              8   97.52   67.46
VN1                       2015              9              9   96.62   70.34
VN1                       2015              9             10   78.26   67.82
VN1                       2015              9             11   84.38   62.78
VN1                       2015              9             12   75.38    62.6
VN1                       2015              9             13   72.86    54.5
VN1                       2015              9             14   77.18   53.24
VN1                       2015              9             15   85.82   52.88
VN1                       2015              9             16   90.14      59
VN1                       2015              9             17   91.58   58.46
VN1                       2015              9             18    89.6   56.48
VN1                       2015              9             19   87.62   61.16
VN1                       2015              9             20   80.78   59.18
VN1                       2015              9             21    71.6    53.6
VN1                       2015              9             22   72.14   57.92
VN1                       2015              9             23   81.86   53.78
VN1                       2015              9             24   82.04    50.9
VN1                       2015              9             25   77.18   57.38
VN1                       2015              9             26   71.96    55.4
VN1                       2015              9             27   71.06   53.42
VN1                       2015              9             28    84.2   62.42
VN1                       2015              9             29   85.46   64.04
VN1                       2015              9             30   80.06   62.06
VN1                       2015             10              1   62.06   53.24
VN1                       2015             10              2   53.24   45.68
VN1                       2015             10              3   52.16    45.5
VN1                       2015             10              4   60.98      50
VN1                       2015             10              5   67.64   46.58
VN1                       2015             10              6   79.16   44.06
VN1                       2015             10              7   75.92   52.88
VN1                       2015             10              8   78.62   49.46
VN1                       2015             10              9   79.52    54.5
VN1                       2015             10             10   68.72   43.16
VN1                       2015             10             11   73.76   39.56
VN1                       2015             10             12   79.52   43.88
VN1                       2015             10             13    73.4   52.88
VN1                       2015             10             14   67.46   50.18
VN1                       2015             10             15   66.56   45.14